1610162275885716
659760690803759
106189787636
189870941596
1416627408576336
302326062109
218585544845257
334691525763
491585627571347
189884164375505
108690365860245
288033431250150
592235240844852
476999942333592
132373836862528
207150970887
259505344095364
130565870328753
113467788687458
537700372991354
170434609908
176963112316463
138096599548057
27035532105
14185406833
166141796842425
176184629070492
449543075102579
139987482063
444174095672826
279758032162195
13950081604
442312935816209
21601839939
109692425799172
232977730124449
1522983924629493
362844837164792
97890424906
172248309502924
792608447497470
175872345765464
59328958336
223766074374957
122716041147212
353286684739963
150266541662475
629373723743115
331713671827
120356274658782
77414057163
12832737703
1596877347231240
123702014399865
199983236745591
19886835651
46195403558	
150444458302730
524090194282855
337107072985603
88715599038
606165572751914
144848735553187
119741411431639
849974865035280
123064981106519
482086571820198
34145704527
129449563226
115967241749575
59651278949
7297163299
227778974048825
133356293361645
128257327553
189497607732375
96946928257
159753077428312
139052659514125
1389954741259840
224127947645
1496151117278513
215924515139945
495606657174598
142459762574553
1414696772116450
812304522127074
163075160450332
138801301409
76479535148
75877461389
243954228988846
475803132516843
470188943060174
168705402093
198833760185050
434481743383813
1566656240227785
307194479376165
193291394017264
67426331609
45237310277
14953178340
255011777890587
538827186202785
664453043615392
67920382572
414151891952387
190285277684102
382409691809716
9815486986
69672514432
395483427198379
437307613107493
111049873796
195132627185682
305248832921611
126900320704
181006952013827
487106447983625
326529557213
248386470469
325190792229
203309355340
407100269303443
315373845191909
240728012711411
5825791887
97051158552
154403244583027
7063141451
219164554763135
146433215430141
252293393176
166038833448777
428474150550806
12248980428
163952156965675
162236955409
106716362749307
132219920135143
1456363817967865
9362894798
202058506564073
503959949682411
157570187593596
5736008378
118825928152676
109342331712
141860325842303
169804893041208
109004452482275
221295600695
408227825881138
179803555368214
139724356064785
119974626235
131043201847
386780741463526
108816555858215
108553899166794
226537384142513
531135463593433
155551894506945
197616997016466
119199404777517
402494049788457
137136626303203
415619404417
53472787405
162289060489246
286464338091839
272758052852470
326230620049
51212153078
125509364300582
9140622306
45002877992
356414807787163
105493896150232
141648645860375
109774142375573
125619390876042
523462934357674
339938131816
454886441232767
1417250348571704
143903359106267
125663867625618
23245476854
94049408014
211802888894991
468118629901734
303582263049193
1591949007686808
194666323879041
193981481786
118632124865393
40069267412
122501497818352
143499352373885
253261444872
681035948631936
84237528530
284698644919295
166116438175
129849352601
134837548388
137075709667532
154864381290986
25633842678
278029242253904
45640629310
127703063957358
308775617671
217516394953234
297084435193
143483439014410
265485963730
358896716815
125715170843461
122822231088184
816529935111178
621767587863145
257494234295478
173714342679390
386020471463263
128868402392
115540348533279
66624661003
200116423370227
157146604310435
196521403700625
257173517766572
174690885879496
8585725981
329654453884257
398906763491395
168375189845177
229144880449857
144075338988966
115332691830237
29574925479
212706062119539
188342508881
10513842947
323837166863
171392586242801
106976563522
8412382287
541368475916786
704369596281235
11261740684
200910360063942
136126341809
142104425934131
144433258941423
121118801298988
352857808072473
339859416120941
122589727820034
109678019638
110005315684876
1620116211587693
133349013346066
427592030619939
74553624911
83979529788
262005657205173
92788370436
666509363359435
139674901034
21543405100
417345508464297
138795446168746
127203630680558
87074234663
162454007121996
175535596516
132974063437218
341352162646042
159107397025
126322905230
198600486837598
214429708591904
151394314899179
187889971251440
439746416130101
329654714777
183299875213277
135456716565905
495773133784414
530621640313681
118657197796
260212900768042
100793216696708
68042453584
107925827784
282737361779275
530631663723322
391908590906811
210755252329753
115012204567
250763971670533
368057399930390
125516656016
165420456859572
75393241556
402704809807748
167303606656922
114078375270930
317988561727018
484363761705713
585585108253013
553462818060104
23463301247
80203696621
325850433408
258816840939794
411532882256217
177690555731247
100682036458
132719714092
76116434516
155850187872274
183980713153
269574293494
37469599796
134084820051912
161658933304
123962674290730
769733056430865
105606986149951
402032706627681
249533444254
105311772837601
33355613916
1454348794862082
7352931005
151467404968108
356342377801329
494082097362902
208366692531221
153032601406126
232767423427289
173697416025309
214676495237648
13595430933
107724649260300
131961283518549
24691304989
144105014310
11477613346
237243101919
291761937614485
8855481462
8783725165
344488075688568
182332048565319
329959996946
783565338369190
238632516225851
162316357257680
7826953993
5826202566
116430921702004
86037497258
210213482452324
152856187059
94274618090
1454369708219119
393424840695088
301484606547864
132914193393180
189801231035439
1641228916090448
215788125113732
161210247279856
189675399628
139805952720029
286458432503
83653772198
157440517620679
10758941803
109665516332
442842839126068
52125591261
198331966994888
165145390350038
132959576761822
116704846224
318424488287544
1426076804366656
118067341886
240311030558
180764758651877
392693220783636
232561027513
286396914813058
1503677356575994
532131220200069
150567868314521
41568534903
129709740420927
250606638386081
1410607722484467
275334595839854
1538806929666148
11532179978
9411224013
1406548719602187
133109383379275
394293363925437
73340321070
150270948374835
433026596732541
843389505728932
116724526976
453059381383248
68751504999
242285622537661
387672581425820
21609611713
232832896798878
224383614973
406173902821154
690216344400141
146032532077976
157610787613406
266016286830891
295275783908
20714737025
695380447160813
159775314079162
199566966730097
132481263500123
112034618845247
5956341397
125943834123228
181028102072979
324938227577563
254431477992557
119612831394523
492563140784540
398366076846003
123247647708098
173421379405020
133129223137
230938173683068
160979260730259
19013582168
544392522289888
467711513343051
128628097485
1436429849994133
353705998013029
1547503172169737
572259536146500
45345032294
81050271261
634585199979138
105296489519276
149710968497746
155680394460373
63488003851
84150862796
120302208046007
252603444946832
166809733333020
1449333428654451
374733222493
1588539904766390
1579172285678613
229440805236
197394889304
11081890741
9959714188
451165558387640
133148554015
116905638336953
164148856940347
352676791449904
363536267000638
293682228457
184510351577846
132604728838
433201626718003
140509209305745
641674525961741
130434357164508
209292552568114
137942426282503
149802940154
271730225599
148032311883330
338224206242243
152159464798743
150885755069671
185922971444940
1465569400392441
142159662466810
226830946395
169233953105866
307335651725
536607653036745
192951127440144
259506550878880
214615708658860
883089478464869
35276471437
49572582897
1624508094442783
249277671920567
143372951022
173526386828
188508384501166
8821614887
1645957268998386
1414171045553584
56232316996
175449817556
113200920044
1060609657290049
132518856855281
153518741347192
109279685786238
174080192745072
112623615504624
193256314048
671854062881369
136140769844039
34401444206
13892765435
179341222246388
643888275649618
173713959421954
170615319988
65363769434
245961485480638
10109514234
12596453318
1525693077714173
326372139104
228676650588951
165868100135576
173170647164
110950122267023
90183693693
286556430517
154054607978576
91359954078
98034552343
29575415534
107589849297196
21680264586
17043549797
6509881157
562776370454685
265382903672165
205058092129
934814083232238
322374604497086
297956853610707
186593071836
361832257177247
151963768170808
43357294317
26883977238
169706636416672
154290018026258
869404719757745
323390947683896
159043994137998
125005570843415
45664163027
384044558315602
41486668846
342114823436
1547441798854228
509296302414732
105265129537759
200910253315403
216704655188833
280936771231
144569032380046
137522409623183
127494713927669
545408088865117
195604167157011
1542808209269814
188428064561032
67512437177
141506169273834
462376757183946
83801536288
40744295977
7224956785
167070713387699
112451138765980
323972778396
141043945946271
462018777253886
256109915617
134144736662224
115758261775668
570630509757744
147645988684210
200925806590732
412313015492250
277168962311061
127812519670
73304591159
108987183569
299816143644
112626222085607
732339506807429
146677298819932
108404435879900
276937235667336
40241492597
6444807415
211746102203966
253317241513992
97740980442
399931236685970
31987371885
583991658366505
199648506727551
807034969306626
146251245400217
428226913884271
127733917415917
163667336988464
136677263081356
146652628707081
106271559715780
113486798686008
23230437118
57998126926
116794201808909
6975960973
293844650651985
225887867458487
138728549521613
236468993110121
1440404026208061
110836750328
1537124189909788
144607265586114
215489698468398
212887532140131
309260395965
75292094728
164361723592530
119060948106871
291505277550034
117112876419
204157249635069
381698778575536
384442381607936
153755371474296
355641407849987
20785552513
239526896252334
31452279055
7854678793
92139722692
135897219644
318378503205
119666964731793
838062422979751
152448994780289
112299605447935
1534355646846477
220832481274508
61962206049
556346111125299
114174005839
1589059224693317
411868180596
222247151119139
809442385781683
43296804057
856109504412520
10010154629
105378038317
153628431407667
119143372096
137310833094647
140248679397699
238600135373
470193449667844
109404175777984
9276194505
295790354132
5550296508
178975515476321
360282007464120
444271875701907
128115283997027
1426474794259071
369609843388
67899739671
248224121961641
114264528738492
429444543817229
135213329841038
106243229412069
125096127541375
173939949292193
126782594001871
847770211916212
206703882302
9181619833
288493687842915
203978206298390
521467174613946
131237750249432
169194119802956
220066681343100
143602039041041
105225179573993
358996894216846
138443569516796
115763581513
22476490672
102342599906776
120336328059279
78066290984
347040278830212
160946073923083
114737265221655
58433611572
152021968195207
175920005930937
24540959832
342744792714
155774775058
63311468652
122379207816326
100433796791
104388128002
167295191063
128601236024
120199444683955
335338213173624
1432571630325824
1449790061972994
123563831050137
223599747652021
1665571647015854
377932568966762
135524009211
459255367431310
124359894308355
120452328039671
1703066273254521
171667819642665
220193548022335
108649997962
188091041374970
321761812461
101896468788
181031715326298
1464301237132176
273521916005984
184531227496
204114039651596
72224899516
292027267584797
226834920840923
133188213392989
30494969350
1443746555866432
15029287231
10513336322
137325304641
49108164171
214138375433566
18343191100
123808334390913
127654070676339
759685350812527
187018188007451
678984198852515
1778901675668595
109028359128060
163299687073
141719479245567
189315407784119
250065258437982
5645523675
91831146134
475332949200537
135747814053
48184674354
121201161304720
136251871515
116472988563440
540208589333239
208565650104
1603823236545262
65491870325
223161701072270
251682121652152
134653923362866
120779277964690
194256584002023
780693182013684
333387460995
163590820336047
16794302363
389702994376421
202337146552455
377480875650174
367152833370567
345591392232989
614579848661205
470736756322631
294476377305300
134339916581623
617119121723473
127394337725
32799979557
112421135450777
136451659762236
1496264010643037
1508380162729759
211485328864243
136709039764228
145653615460821
1407305602820767
438056556270333
276648642389493
133813636644359
139632892757905
127908087231068
221369594585789
156877534379393
120228468128880
885414264812282
381276815261248
104018479634338
136784683169873
164215330386911
131132440263733
188647454581515
50043151918
117767751592204
623575994332871
134755136551710
282681245570
145250878842244
306461856045017
173686289406326
121892391189880
34558408771
74014779924
55701226138
53581833540
24521500589
128241183855673
26645277064
159424124231052
47640734132
159616034235
460836647332643
1446494425626465
48706027438
172705206105359
33022780855
325030537579131
450326391674911
155637621125384
1378233225753029
667611376631092
584615838287518
751008551647630
837204926363894
282350231790396
136656796528136
114200505304719
572203052898427
156796704333963
631374750209696
104313519612
18658326042
381749752018550
240774222633983
125459124158601
117075468315554
130618693662136
132860083591674
187522821296545
259577267427756
364481796919004
67698384035
247809738564793
1430939880479497
856898697734877
295646207149269
125708780820038
115332488523965
158053367597758
6550003123
140361832657940
152037972343
1449594421931139
112705558766862
59987268847
20788424259
108780209962
103978636939
279671355398081
49759111445
254929616901
348851608476972
146457222066414
19082314575
171049668009
120981267917329
51830183302
20562249920
26696569976
61114821896
150984694912422
111199908911845
719571871487470
172721099429931
10150131175390251
120921678058065
502528666480497
144398202263302
147389575324483
245894225482206
357595679961
206953592558
335351196499942
206187566081175
25399113811
140642742622399
309844669110171
10150149966995433
141496410676
176903922408469
141248659296296
204361966462
1470885173126952
168816791645
699135510145118
115298758482525
48423211136
107793102583534
1403662056601921
1566911190216510
107186422661155
180356405454324
140569045978136
134217446680898
451949781635179
1018043844881449
288130671309139
441349979223492
1586844294884092
633210676689657
6979393237
91549997472
1527636180819182
477314562408139
106552616100258
152976388115795
110349489394
122606614374
111628465533224
351687753504
219685335700
26676834754
166632050016292
541952759168689
127180522240
143793319026924
247387508664086
30639128612
39908848472
262632980435781
311803828857690
51190791926
251970951567416
44449004805
455871217785275
113994684003
69058547498
101063233083
489240734419995
539790279371092
249661148491852
110845182267509
107489485993598
186243593216
298314490055
264283573600431
126985087349715
36150563496
149111491802768
101014648763
187678903140
109651927078
242150715952783
46766809357
854779654566884
300744159968223
156207324437547
1571533246403759
301284630495
26225930097
294264040071
446277288729885
376912385714785
631964513585387
105736048547
516770571757423
141931759191012
183798935008617
17533674381
349211235171565
822691101102058
50444921491
17232903989
241379544550
148042988610266
21941054161
113111102768
203808119697434
570512606385466
221940704484621
1005365466175465
184014391618762
113062728714493
529709400495416
784255701594458
53102340557
342567095766872
67123654596
464192207013777
135897133103869
111385325549614
280837251940102
220342685249
285166305892
106696703091
127137980661010
293656046604
203450809700351
135952393101877
137021283022445
342924422408955
19711808736
209931875695394
192626235390
8146588569
86784767772
116489971722596
271484453423
106103707446
200302235918
48151411191
186590284756751
1631687743718712
25277078073
306791542749465
111280782227204
1463566827266466
483542058458058
70632971541
313823692001464
58511591776
31733488457
1666518203581946
21576956598
330668300343348
223325427722554
511843705595458
30634981956
265832713468896
622412621113892
8047564797
404247816303464
1437591949814618
434812393239632
1515324855380608
87354816772
54913971305
6811664619
666850953411560
277248332331566
524788267629640
156582654420557
203138536466844
279374715546885
399851910075894
194226167264387
206203272729889
286467604792788
1513139188921279
192714420777068
195838530539762
178835736054
52436029740
228231150596895
126169047443767
229159703937951
605026869597862
126697824057263
709230345855352
197976836882357
57316431860
104266592953439
71946799587
102431356496398
49474198289
135372233143054
102207349819420
278284579005389
115630028504253
976012662409419
469310116441128
192543827464022
142364439248283
313229582090041
590251194415377
84434804237
135341506567714
327995423913101
1375074812812015
122862274455715
319986278031723
81557462601
166178616782110
520348968078491
139530046073793
137830960260
6499393458
175593715796753
202406810136
181841981837001
111963405488688
435137453284998
138584292891410
130509633633699
123613977655127
134860076652428
114770288670819
166350666736900
126761694007536
344878477050
368306856223
18807449704
491856067510571
1434343226828608
365493390212
185416181490726
169886773165088
146545022165882
876432252378154
50370501210
383318428391400
96751258360
246074098764579
57284451149
400923180088029
349833948469056
255593327967728
109497419198
6070248875
64637653943
110920868975822
296274160471
878133322231361
146926468685632
172500112795103
743041129050807
819923058095469
115377285149571
117424165043399
327598424036545
121124264605579
83711079303
218717231606196
127473481544
131866620303037
432734046833120
105856848024
229633157157334
582321945171131
16669522569
169860313030914
18481194560
116742428400180
718877008157188
95049542275
5652547163
80018237219
6138454641
112808932141050
216385231738092
113053015415432
114428458581905
144761385472
124958974235268
397551976949525
199858590042964
401769790224
523273187711310
86301209824
143114585698824
307919776018298
167451876607990
1659349094309978
64822581025
217823528365279
555396194530984
325847454114906
296534501982
193243810746370
57815260962
110915985594807
8411712370
535049976526453
148216888585153
361465173093
112670685413656
16184328433
142412675826787
8576093908
525301047544231
295392463807066
175483449173876
291780467584921
8222921254
277984622844
132968656769499
742264805864906
26581828980
515989801749498
254364621340248
155994951135028
165039663531531
112745078893098
5953112932
274190539300928
593192884024885
7961985974
167111660029922
148122694386
491842580868309
111805745541482
146494855407675
333700960049415
217701851670387
494077394050991
124693880907482
171803576233
103411326357781
114918811945999
46323379078
92843664013
259916587439519
508024722557230
105483810616
257802474318730
662890637109229
343355575794539
134737255819
209133589141393
266849920086274
16126780553
312651402182076
133829389990308
357356633292
187132594773382
117795974926662
180237385349195
69178204322
120274974656277
470424279676011
394990140547711
1486428971635204
303208656453724
298685696942457
178340695534087
440752269299537
194085327277819
362213890520498
550395811690819
260255404094542
147114498656501
353927577952165
248603752098
1425844544312045
135400589830515
443006889131333
6627688421
172002502825756
7144906559
101711516581264
183149791799057
173265882975
214563308673455
251317564934798
181434605212892
603304809717472
104388146304034
153161114740408
206649746126222
155538241132701
247916175322432
108170975877442
113697825307265
110432647142
6425923706
53050201618
118151628223241
1403968396600383
124398397589945
218951054092
119401111524931
6483988719
338028696036
516452038411470
307388824275
1537751559845469
6101441218
370554989635261
145358522161495
64379487984
118984448122341
154040584642412
150286795064430
286581218195232
90127878653
232345290220365
242089889191418
271107599751
227749254356
1375104796142895
140746350558
395482137238953
484982414888649
427857237292557
331464644422
208924909120795
102277273161331
247701652011602
1441180039513005
1487836128111690
252920218123849
406032392884072
112649325414107
212743598742207
104542752210
242567287243
74823814746
299533353444377
278530368832936
7723400562
152132381517789
635748543116567
147170835314482
190072251055050
441838905945144
327876490496
56918111914
96716743352
811584888881997
357121494624
169603906434976
60271113645
435048803245534
106416299392381
115947281814192
159853264027468
168596886491903
416807971769205
140122956765
602537553101063
38686491824
17833019854
323772930193
136252236477777
121492378267
564221410297337
23497828950
113518565344589
80664589121
112215632152510
191156744415628
102625898611
35313373389
28984808859
461112623935703
289139211277775
360193500679903
677356085705422
30333673009
283590235080291
1522537264646989
116331525050946
5863113009
234218056631712
124089767608875
228155110578596
343525711422
123548937751259
106630309507495
20645199461
157803834250986
366916813336467
195405687147477
100489450012949
316262631929
1550466798559382