1547547025504353
114428458581905
395483427198379
1094672693906762
129641230379745
418528448214589
459255367431310
395482137238953
1594854190787793
148032311883330
162316357257680
780693182013684
416468441839236
238512896273948
461953893934083
325190792229
196302400423422
777465235615737
459255367431310
845795935481688
55701226138
1094672693906762
416468441839236
395483427198379
205703072814125
303647243021008
459944614069239
257489104331952
135257179966379
317586141587479
197976836882357
308112529236688
557023697716226
162323843955813
118220998349912
843628745682705
391776070906336
367444049962001
189204297812464
233468040178458
349635558437431
383120701856512
876432252378154
383120701856512
211875892275873
1609194652700476
742400965872100
858982237509084