349635558437431
115567671788742
303892839672559
329238080474289
5654204293
167714366615687
206736659338356
113059207558
149000630818
574673425952010
185837144948424
172517389037
75145317070
105998602786653
247020415374916
116484435044754
16801589212
104799159552252
173681255978200
61274991945
116906791720738
19827608162
1433958066855246
529012863824350
337776759632108
130204610355308
1423005324659927
1609194652700476
273821822891
1403659766562772
444161998978842
208916185813445
255919387493
1455697381393441
1439530649671577
180418482001802
152802548118603
116140205114731
109708712446416
399683783553575
143849585660096
434957109933465
1521618754792691
317278538359186
171604842872304
147806631899767
170274356337955
111729041992
366704480062061
183421335071894
7456251769
243595811313
158947760923068
16100944031
152851424787696
220789781424255
54971236771
1489179261355495
13728563781
161272560636448
118883634811868
491278814268677
5413509299
207001832817081
144884272224453
1421424934735762
174528277325
194427040658588
586424388119270
846252358760215
402015139865523
464120920315131
6243987495
22092443056
7191597212
52019791573
51610058563
305580896095
407132179302560
105596369475033
241371826047864
115852745139563
891622630895398
133482563358550
211875892275873
170477409648440
214948778597455
13320939444
170497876343459
244068179002325
136619663077407
101978573353
8059908374
1391124661133322
30141769587
148174808705714
314467614927
86310748874
113872845310686
175168509213839
608548229286519
1464640463855791
337693939615148
266940380983
100686616645659
106603472715640
262015947318799
138011799033
82888841135
558291340875750
170570242977768
138558591578
154957517930371
351257635032462
47564598184
139132459470235
184516661884592
141793582653695
49050172877
100220566684503
349286178417295
347744556062
796472727109196
1393119657683334
370152083021473
172250719484902
118888991476912
106224479409196
89263729500
215118598519457
222335884484436
230165040418987
329781287112251
126123964247695
12566691349
282781503830
219687494753947
179059112131673
500671906614471
323864916940
13472576978
200536640075278
33758558701
126366750734452
311172901297
136072689446
151633714909117
260854797426212
10524821940
742400965872100
370828743115310
146988445312318
613463655412740
151373044800
1540467362872100
286091074790419
404545086245973
7608309995
158446430847625
478107788882767
219460784832368
344807628876282
221016731416129
138526082867346
42666707343
5281959998
154892358148
254394634679461
181908352670
336006116430045
368133479958925
17287208333
1550827811834113
210573031664
376859134874
200117983413449
633837356718566
101457423417
332735533512724
118425261527657
139594698297
690995830992637
170434453028053
139742866062085
404645559589087
500173706739556
115387845191487
583194418368729
152692608226072
173463899350188
108420712512082
170805620684
1496071360610181
35269335026
19166292960
292258907520819
67224262344
197589525931
163589317013156
138797129475133
406319969435788
125978157445942
523350347688158
27026048141
11911627997
126364227424588
204470152990527
187871987922143
365734643481179
319692628056874
16814976965
843628745682705
267568403312011
294022750679862
163061340383533
116151972998
30968512668
388443131350731
233666456698939
189541217747695
20528438720
209871772499320
292460140902127
109067629174697
152302328277028
28864583650
1034600873222989
201742969856534
436471480323
494513690585927
402258439810428
136324210037
148745038485064
281219385268185
135984876606495
148762678512467
103490439791854
351833081542589
180024658802807
141967345859429
405123426220251
140224616013022
133004680076739
161005627339644
44389181906
6691612457
189559334430820
128620537199482
263526403681398
468919229889987
124336306355
196315856928
156975401023897
563636283774932
283262621724948
423860954460220
24966174976
339298876214442
104866666291224
163338540378602
113176215382061
69025400418
1479605665660301
8245372905
393896137485109
93818897870
138893802861359
138275627928
112373888809455
328988200473814
705580476130560
124465237615355
50261661465
319649751402184
128035957266546
156422231076433
147809141927684
372316892825311
339720502770779
82811304762
110473262301504
125243513153
100611150099092
76903425829
167965119890296
201121066708934
7526186490
239024805419
177663858938939
74343704703
404460532994922
111410828884467
145468078829961
268265046529396
123776441557
203987169633167
173725469344343
22577904575
1398331297104836
365989369023
777387258993022
191277817559663
539568092806507
190481357680787
301085943688
250655705091816
282589161866768
205275532863395
695882000476661
652669868112526
7290301030
424052535159
13652355666
6149699161
161557293868286
170096089716930
46231714170
79172418502
183477870817
232633126791387
26748225422
32421823940
50937384449
110774785677384
313820485328021
126221450726990
366606796810215
263436760441443
381841851885812
109557105778304
45710364705
277707302265501
416468441839236
433245145462
109305829097394
124499831309
317694878281563
43470140609
143870639031920
102592550249
48390358477
1094672693906762
154575817896432
101949068201
598990986800224
167548813932
163743277001578
232144226800999
203130983178133
210119734359
76850330147
12673567174
129577517095569
248864955216957
95517791376
216323831879921
194672180580839
244944385603396
966086166752421
81225128705
55641795788
100369193458191
97939697162
26824546950
291206684328236
506013636166406
80520139150
358335214241103
499695226758704
1401139013433279
349516075153175
19691681472
164386713581404
89468718842
136317109723674
127033936186
48688071399
132305290187194
389964401145681
143609959039749
183149001879619
172917876133143
87812031980
185356118324729
47894899291
730600700401893
136245029819082
145447725908
121135716684
173687345980591
90440037279
402759320619
204816556335586
16312832427
438696132818157
203372159845615
120779161339255
241321289236327
203819169788
139237279493346
166246760067928
162036743827082
45430244790
789439407744270
133027743436646
533403226715586
32864016288
178731458927382
286392432525
161290494111
281634681941910
289387977755936
1448875688711171
153580024687401
151520138211997
418848274874437
112649965414043
272465502833784
642375055838701
102884280145
11309713071
142129705934585
154355281290564
176491166094
74100576336
101655275698
10150141646720151
175069545908785
182282489694
166015399862
60206913692
112122488804967
75430593459
212717370297
221276964620053
1509760975904055
55552980828
289364640575
677282352375996
350377525584
207938356001782
1418437758426031
485689488158679
168567463201834
802607473138457
107221055973738
431568553594408
127044407305833
955751467785034
250423201674278
113265248686813
401059056747643
362836001949
163658027010025
112424365436202
432182080143543
346415108835394
1392255297686592
525481964246885
226994674024686
290830227683448
546100982183337
137875969589209
344894688989955
468864723160948
141139556023312
318475705292
102555446446218
294474414000464
132763750084392
100605703719
159206997497439
104888883910
250721411668193
169479616444253
274901709310956
106628409154
401339673222526
494112810602592
662349513877112
56916320206
141976959168393
5764270741
55354819171
169265473084121
125853787448914
141076125923775
278053552231893
150309641689359
142664419094064
590545761002166
261728113975021
484037914987310
197813956972109
110422719068893
463309937068383
132624036803609
237116003099384
227033030778955
443812519039605
148838328462457
10911153761
186106781433676
124649947658269
138719062837221
217777348423436
386457838196326
128475818944
363634043703537
308653125915656
118339324905728
225566554232896
121784591219704
336178403140722
110230995664593
122792026424
150030038392818
142371185857036
259411429706
526604637483352
115287738536888
209758325704620
228746827234822
190951800954033
862852977098754
309754825787494
8017106461
442111165873781
384530694997551
858982237509084
89995008691
563174850479713
365669576870891
144075565636170
174447519251307
290318604353844
202574095407
140483883419
383120701856512
143797142349118
608548229286519
408914709224427
1389954741259840
730099040415868
471138589614553
928702093875119
112202165498162
556537271055858
513021985497843
611316288965904
1454369708219119