331288023558058
244944385603396
56531631380
264050273731539
196982426994991
350049401815737
49384775926
700785699942547
604144379702304
130882740421295
1405718516344468
280034132055819
13065625020
111724015524891
148336855246835
100147513367023
283983265088835
115396124004851082723
254140541355376
617904311583729
221609908005798
55354819171
287074021344333
625878044158565
431453263620690
148600418682522
542658255768414
316739861767198
121349544572559
139729956046003
150551298373169
340411242653703
302410296457933
92315901964
612021105486011
249427451848630
8054376701
469111813160961
521665287854690
127093020051
258115874311602
271464258033
260309244037428
321915291178743
5667937846
60723033306
487040231351146
165310523509773
669947926411298
189685467708595
408093132639865
508960455844413
175092234143
20023441056
321944401163236
210287475755744
287787774624991
550952944927136
122416794475170
393412510702226
5863091683
23952497641
305920579527310
118775618133878
1560186947538825
254311517970113
299184123459550
146783862004264
220401641374663
631352080273388
477785905567921
387095654670344
337376886303084
411577358952882
347897381977619
292635877453818
318610774900872
104184946332304
131321736945390
693134284084652
146974018804301
288608807960773
239921056156394
150301565150183
196541887054451
121626371218107
362676647134746
105630153496
304289962949019
249340185214120
105897046200126
482177521871037
80690156072
164302750336862
170996059738810
22674132128
86232932633
228290230590357
350438191643697
279052452197672
324643950891645
248636881955187
536678779695541
127918567418514
172199486248431
631398426887381
222989317736241
460546927331388
127087764093347
500583259971451
397871383676150
200027959466
513101125400359
157677000968300
222650567849780
377489272332128
120150954691329
674913419214092
465471350144012
289917444516613
489858777691418
489323477819688
305228789515349
234382942633
129790443796714
359661574136242
152443618142266
348958301841187
327692980650220
649230675104114
513357735354870
455914297758265
505369199512036
285546094839900
555840594512045
220220358092827
189426461181126
1486493341575703
148811321860660
230076207144371
190009817849897
180458088803667
233843166682712
104243900911
220415071304597
182589875176637
386111185373
341163402640457
211121895648474
496727920360250
137997152962283
6289201895
244196442342820
446951668747633
340982212630764
496231573836614
1484634608488179
6129039822
115340628530216
139801452706157
338862322818620
227608180331
141935472517297
282374908483303
642817249078505
312236362211285
168807573321061
340838129347534
397587546972699
58290604977
114814521869565
623374697685353
207322356080575
270986689697962
310305532345504
639775482738492
431136716970860
102921589868545
584293908258021
249767048563129
154864381290986
20710846592
479772008730136
348526525258403
177463958820
402947279739439
507004489326031
162444867253543
1471642553050525
1416808358549456
157634214278007
236172883096710
45625464679
668626506498201
201955553151552
349874435094996
46889335859
136072689446
199506090165265
296247723822639
111607872211978
431491673581713
199245810107896
271515646238054
623888247629111
557155880988173
312109908855373
521058277979486
678913968800957
150908631683220
690737257653706
1536643913216307
639992169386759
225824080832439
174320069333474
315685505243830
140985046035562
199015806906670
782436558502084
638764939528071
267030653460609
235774577404
220864564758682
415539501835035
112744502111836
308140655894369
1443603692553498
464272977009069
209464315747589
285194544873434
146447612156144
207532286470
559369877465716
162927430686
169301269825564
436441143059053
104407046266004
1440981042797508
448445491844603
625946427462470
198512300214191
518187788205674
424639800885887
253352914728379
435961279799624
352102884836350
193278037478319
634295199926901
456832001069084
19107003728
247185450723
137841946283367
105480832923530
505280679528687
269325993184600
117158271735970
212548198929186
400528129991523
159381114086842
371750472853831
206281072858895
460325037325918
173815758152
214961475221726
168176026617568
218207818265070
1382868458643517
169049896530698
292824484156070
114443982025699
203455899863587
234870396596596
289035541169226
280263585380064
122958017774339
315533445223151
417600984987179
143872364361
374920215865775
302789316427505
169643663140621
236687579845697
126501650751587
362854717181493
184611261731149
180681162111398
444145495686987
148408955226893
268372396563864
476258459065581
198405580252660
585718138212477
383138705150117
413983531970452
116792205148985
277749828997696
170452719643945
552332751485362
553063654782048
231391496937807
199504096870964
259982817404026
278439715543839
109808635712331
347817038611988
138829179599950
58755926184
203158743168363
1378455622385980
435944423153102
365409093472457
539244256125835
170848759757062
534580396588148
746483952043820
224571174278112
231313667041452
249055438571848
21053246992
35846011511
100938386693074
24659131143
471578302913533
93891423504
1434498533463107
102794576442350
121554497873951
212076638108
354383884599774
238582669550864
260673917366660
317781731578192
160658967396083
222670524480516
252397881478761
330172800378932
380032522014367
332644916874224
307133659362905
206583779435737
469404119776859
354844497943435
229374546150
430641710401298
35109204795
195484573897719
217487465034369
332436293502222
186844867897
321974858841
500642123378186
216435161726916
1457589491172564
166743570092034
379687352053400
232364556839223
237278599679568
406904886050474
321979040124
527357467320600
145424545582750
229347237102050
131298960268868
177129242415000
447238501982087
325830370773321
272637409456250
149990781832240
626818120689091
170069383053221
124613954223353
153395751438630
284757871583867
388928801152138
311536258887985
359317787470519
285585443211
474228189254752
153863401359504
193453200673027
132345183643314
148353431949142
179406265490345
354255284660145
629157340431967
575691929110912
267083390012083
114142675327115
188628300985
169095016507108
340399782721372
110609539059580
453474671373675
104565207320
100774166667125
523598997680162
161310780580973
316825188572
122019337917348
216457501699365
512183355547623
218305691583729
482026948591173
323408041088571
478842562145828
405032336233678
120163658049174
143647065055
42061446626
194663643919896
129416293739469
397220467003054
238369896352460
314245772060398
178595622300105
118409714944431
105159112872
143574610048
1463504133871112
230948300362402
208379725923302
230290170341201
273909719367374
193698754053288
145137748945199
13245023186
229388533880441
139503156103487
8157654607
122545751190476
360734123985118
180695793306
353659601370498
81524570489
171464922946472
136858186378905
1545382452348291
284356374985686
139931466209295
327607210674006
229756680374544
205336166181073
463638860350452
956150571077941
375233890752
601975759812589
353183178158373
755016914517489
563893533646469
1403875963160167
389432141159890
249360905152840
184030231730640
118495694892424
128178500572736
138153589570744
806728552670830
491766407508046
215135855216668
506906519344385
249144298456788
339464012803923
422478171207198
385115778668
230647783790802
122354817914052
417279298394663
386847054782128
1459169814296526
177826282356127
325834317475574
1384426171844806
420711364619942
513937148694962
180864562119485
273449129382410
447755025314046
315588475118227
512030085589644
170257333120840
611594718865000
290954617710100
819455978080686
596610990420083
207709966034203
174686752621643
642169949144369
350945718276594
245402802249781
688798354484288
320613524647126
244957718903626
434424206628316
112516712123836
73980915728
390963970968609
8526842181
151434908231245
1414314745524961
1440979352802080
504212549641561
263805227026055
453519434714254
219309198153819
507862959305855
141964872585504
14657950530
547541271965309
465112070186381
1391221284482593
852820611416261
122492274500188
157605769138
113064938774569
240604682724392
364810773605869
471683679589136
593155360728481
103390839813952
78822513967
107364069331012
353828407978249
139252036175050
175763349169770
613567275340492
1528007744087214
649951678399784
356307037751464
251840721554522
1389789737904515
418430758253537
187194887963470
293532624020927
53233618744
455170967888625
392027000948099
494021410615592
264711770339501
232057353538943
601246896588882
581714928561840
247792341912718
266365596863761
491631170882219
548810551843785
645168825569486
430077177014132
122007301200409
695283143816834
278094502279083
360222547327264
220320298090330
320953194611654
355375197908011
489646874436634
236228653064804
282349775233867
201638923186432
155535647985175
176683465820509
191473504869
118002728345400
699465680080444
689605201085731
189335571098317
252097464823654
648354218551987
335701319861300
216349758528941
100353026801626
156592504366248
134257589926959
365600193473680
175291622642855
474883075858599
117433244936734
733732446733715
137899669655389
136488713040423
227603327439951
207172579324536
313887045298774
190677754363721
165436993603304
698937356818150
430654207025994
44567568310
86269808701
406298359447097
446677535346335
489402367861293
756900117682488
227268237375996
388133034620159
253956904749393
421192434689594
693374840703503
383543778432656
8075104193
22988420997
276078875883279
251473321633037
108311429241313
550960375032745
402269183202212
278177242221313
242918189160849
177321028945503
368465280023260
137607936314314
188341241335667
298855753602797
176493889191121
1548462968705670
1441625672719172
118738901608213
287412854751549
251733454878534
367354076679967
465408473474090
263793613667648
248474145185053
254628504605760
353871018015242
649017368449848
544947075517412
928647593832110
448163961909669
136089600063
138872702981070
124900394328973
193918377485768
133333713988
156489281196990
126104444073895
42920143610
288614327924899
661788583916807
139428429581225
1469581406631446
136773735076
85982992403
220414461416323
237302809750054
222492194482902
177899085577662
725480530810699
208708862489818
252874298086328
106314056070251
1461786070711037
466721150014310
369999003130435
524239997646722
586832824690464
156283617822834
166437150114142
182385785248519
605674142853865
295845723771024
175982815773105
149956841681337
147683401943427
118726661477434
489120844496718
116564268375492
543054232442261
356184344521604
414584528683156
133524813903
157329264337755
238582516218562
242021205994399
286027429687
283247978388686
118632968182567
220260808095793
127960847389260
1385626651718943
21578375752
590657164294820
198598643651910
200067286751976
433394330073720
265069243700880
428972087253161
626506224051417
57560138896
226545534109576
502003723208564
103240793067916
548197885198806
658364120902398
314557695246773
737353462942491
161366161373
330014756100
152268568253978
1463844010520289
473284479386239
239868782872970
289266841254626
105559322954966
1480966932147147
333725989996166
249167708461403
177825312274583
601632909935171
131450793537293
524561717649494
504682646264331
1457148007840480
300114313367602
170144759758098
797140500297667
879644202047197
181202098587722
65134251789
113881371967086
121936817976178
174605925897563
132394740172102
713620215331015
116685918360756
537977656243733
383228765049097
304089062961779
509876789050613
268332563296709
178995518881763
190109921002342
196746720359574
175069245474
482898228405856
346792415083
386284738117946
189445531081549
154938081363596
142669742410302
793908853952809
214735395314464
264084070378991
129782697041740
163292197149876
249410008499454
368053689928156
101349183368364
105094609669369
246286145519184
585906871468539
565173760168310
1403326509922028
210529398989234
510908895625837
165386690205224
188091757763
263852647099137
342286372594621
1470505049840246
434756846607135
196172880666
224231307718841
157439457745485
109908922463882
351771188273504
20594753592
307108362786197
107490046528
342903145831564
511627068878445
667377026618673
511304688987580
251933994825579
117166001642155
152242528149820
403067009756904
576235099083873
244476908973882
349681388377682
478662508829641
425444867515324
276980069178528
458738990877177
318549938280134
120776954761757
519314311481930
496705113687562
285552831500364
1430851587130551
465412336871005
621585074543206
310227515677094
229861597222123
201846266534879
92307922761
236082543168789
234625459976476
739187639446255
126933894070189
100746610001096
1507964936159604
725432677469113
350839911702701
410148575728680
1477383559141180
277546789016701
187786528093946
480589495287083
314025975286378
278686032185660
325562197502160
434916833306905
330460076971366
156517681075613
439214182863864
155228146665
487581924691630
401112426687377
169229213231319
758640727526198
333191700113087
612543508770701
143358372529605
115173385190871
738593042860702
251184645047394
142858849210073
304989846193367
284776784987089
5823168795
226710910719787
515350178585835
721884554590740
822117681208711
697529910301380
430401096982804
260100194094882
126387968333
107555312727067
115463105195261
562079043819564
319044494817741
635981839758497
470607526322916
327528177405810
755519504512598
593577224067576
568163606592628
252629104773113
485901144833152
145987405485146
341481079323001
688107134541334
495893513759808
121027961282841
535879893129054
1390896064499372
359795470747785
506565739394771
680691768617621
256893341161700
146557462027021
216369761715901
619076241451044
105323582874007
237496856421786
438029549613050
576981785722549
94793388359
138700609496450
876422192370160
215902685202521
301324890006473
599256976780959
124475637643211
275692779244368
475210995872695
496257960412808
405709419490922
493446370765123
270792089753506
281573798584050
483412228408184
232124020156652
271088636347090
965460826801015
1437934013121929
459160827517190
161447867260681
117100651789608
344212668924287
113934578640840
121884021163239
304040766349306
121824187974978
369896329798408
103575576455632
348167265311301
212253578812587
149491461858449
1451158681771982
100394325664
181361708736641
347861345247647
495405830510174
561396093978364
421366804675755
412533255473306
171451919561884
1440783606175916
148965587799
252129284943733
306155549569438
260506584019095
231894936849669
630755236975554
537771009597779
1461914240688183
415303600552
462574697151840
267268566744965
1519134891649047
581592411893220
481569085192510
315493741008
70086196770
552694448128003
433318133353655
235303496528401
198765716912095
1404578009760803
326372139104
1471635349775968
492641750755216
836163859751730
644933172204891
542516585767106
132447256821617
322371874580672
128053357250013
203444666383316
335944869836450
372329589519304
450554885090005
245221452282554
1399355016944728
708244105887478
134604673780
398055620254768
176949590193
253570881501015
293681834049385
121470844677718
124994154285759
404116949601626
159046634269050
159390660778188
326281507470169
178172758973682
152320094799050
509003402569364
106780749502460
311876742321854
544026632278830
442110985851871
139573306233471
128935370592749
761279587226826
452088214875543
436866432992287
390138937701033
418260224907983
320429088232
122455384451601
268951899928464
273905879435180
190753204893
163970300294337
110627602305124
604680222972723
164204816980264
502179483162896
645504992206288
295653827131733
807560659299015
600478186731803
481726395187303
434359829979692
261258814034452
609824092392293
842094702517259
219308328095810
126744314052816
238372612936180
157067238519
609957825736032
471392672990925
346769265390614
397293083699141
113191438726956
655366721256661