250571684963373
324557847592228
173320822709270
20030663368
386487958112133
158483417502010
260049290766996
167811149978439
147546151934714
212042692151625
496930583705902
220529554658130
2388926799
209642929086123
120995574643214
216018361884140
167260339461
208080722654199
150862811693825
221094574568058
324867484297405
76456527540
280284682087139
200265350013724
172972556074747
120055194764963
221427911240457
263116020399481
248138338616709
169419436428655
104433074008
142011022527753
164249544235
123694841080850
105005409626219
452832761402457
557593187608388
133306231504
277674826691
411096902262600
401652553214093
121577087955839
154295527914915
262923110044
242756395742301
162410160459486
267661323281996
315888392043
137514726345021
148442541848954
118583028170267
367137613325917
180284755432222
2219089314
608630352530058
100778216644817
176985602337900
144457238950063
112328095453510
139687516153299
190329594333794
301227606618857
11502029388
192359027447467
18128749820
6705455684
206803572685797
187773567906281
357943580965557
155637171150962
134677536547428
593728587333898
127217944018452
141084189310572
162463823836420
118740844876852
213136612564
422910694445794
149302155094022
109259765770403
151985508172001
149039818556757
338115260798
184876404878981
112361649615
115135781858258
15760828052
205753552939133
104260482968054
213469935468214
246052772130187
349417181688
108500796108
101257240020625
140500086038936
144888745533542
383344841709399
66258690527
213343434487
156286242080
192941620788522
108996069138405
310713135630997
214025898626375
238829399484699
619393534749791
211361618903817
474733665887077
270891186259592
729105513801338
429690527147356
261172830687941
102153277223
123230061223
213560439114
119145321465581
2359239297
201312843260601
309347342414781
277669328975
116163241729953
123731454387368
174823375888281
108972655795148
111206228954521
200127522386
392248091048
524730844266148
435567026494540
155613451182973
256839937710168
192190780824717
216230855057280
376265689144365
254782291207333
100440586703876
19411642576
161033847281768
158457776154
112347112181344
189818072392
115557168472025
206248152727887
267542186646145
44615671688
188707654478
138505729521816
547780058640724
162891010412392
87409181318
243757572327884
666157173396009
112648958928346
161683100556760
199730823500533
276090845745399
244522632248977
34418517807
155881567763764
159087547623081
229236660467512
37934454986
231795284711
466489043371527
134826057944
35352126042
415891218516969
133719239979606
179375112119470
155023867867753
407409359279969
163508027136404
115316321880083
104351846289252
289484921072856
127422718290
129518410441257
200590596643516
177855928894402
103969226310443
281695558511228
132453076811032
178106548898871
127890887255323
114617808573283
410464295680267
123964277652942
54104058612
537420856310043
118100871695288
166171376751470
141224089276845
199859406722849
367280623340754
173277756049645
149376585092829
136186693095527
102766453114171
383892218340028
134173849928267
131477553577865
177619252338205
190605357679646
303098656448804
123895894363397
231072856944099
219084261524159
487759164586074
124791507543584
237979932956323
90476873016
268943113212287
127675550671337
126045934076200
112618498804176
116867175007475
298382673524539
130314083716013
386075571495676
25371745544
202374466450577
211427168875708
142524539178412
63203377906
107147892676939
23798139265
192077217510170
147348078610752
143784837597
101709316537832
39062820279
146690208725462
130259600337390
171188736315364
216801698476604
127587717338875
141397795903637
268652830776
402346676543947
180899855319409
303412369786011
694391123950982
6452028673
57374761779
408233462561347
174730219250842
135490603318222
309028460694
423081471097404
271298352915684
341101925436
145442622249483
121953784483000
1411096082471119
149696141763776
135045099875158
284737261536561
303518951099
285296691552967
197838963574558
375228645841041
223797027713492
111769535518503
176250842447497
107783155908908
519630428054174
178578155494555
156192231185442
307269869301424
332468910132113
317464405043578
123842900988652
181340715217108
149869048406635
161115393958070
193132047445181
161078477238170
390214637679313
271750421132
628387510515627
131151636918747
144110515650733
216307001842159
104218955882
120600291315567
202967236416914
273699986831
229806363769
128719660482295
115617178455940
8743457343
302704119822212
126669994070546
154977384515365
72364733256
152374051589746
124758810890523
75979730836
124079995698
319978184758161
261747853913978
176546962392526
254955191296535
248537638506956
112965278727107
3291334701
152257704818038
200661263323829
254799671228998
156218351098324
288182041239613
252812698181811
121509864600845
241758809278131
111353382239227
128868657183784
137465363054784
568712753197733
119178388096593
174824482543254
119904644709386
260116294126713
404895186223172
258934124147925
133886966660825
155043519637
142982579066363
130711740384695
203795256307517
139777552720573
97987872255
128770484511
202863983093862
185577351567224
538801979481079
123077107711598
109509005793644
362283277162214
192743726141
429536220473015
473659952673182
282970365157698
104590689638094
139483139525130
167069041547
233826946736081
123268204377180
133728156780761
311499035646661
2435991131
580615922006244
469626423064884
222620294504881
104734592917903
168151469879028
316919218403687
199870220060110
5243732877
107784942575822
167598353375812
469857236405449
569112766490512
526890447388299
107110092692445
383256958413836
150605951640287
476688039064983
231747386909902
131986693649160
1421446761424994
363529260331942
211155738993401
273311568040
167842374372
151378131593100
331738533523194
252451181523254
213797292305
404251909648063
463517900342884
122325097897642
124812700878961
143803619100711
434462733285987
211284542274496
5409810948
350655698406953
153332064731618
321278344586120
164167473601477
139291179414843
278736920100
115109575169727
10022288777
191693470911351
128706713877935
179051220002
194249869523
73192549050
110137889015352
219783331365737
114640145239638
113447978681027
113347048822439
181044395350331
178963233025
115829135094686
128450527232960
117834011565165
311398082281520
407075752681047
489080041144070
44550081712
186804084688098
248170248618788
41288278803
306560249409457
130122510358595
113392765349220
126393357412907
122634077567
221722803985
213267998724805
195309270546894
459524107441534
193326740732820
195462136671
276031839223955
192479380783063
483559051657897
184367687735
78193590860
377022625657240
122389584462435
260880723934368
547725848617767
122397157795115
149402875087619
142640582472212
291113067641386
167685163287576
84566780281
159893360704895
159310617601911
558660594182998
361498482327
159195584135753
4887484414
475801469106953
390724034351235
291732367523527
349486937408
452652561427299
490813817617386
310391082312881
189212137951873
142001189163723
104139682993694
231900480242730
154052696960
313435862006944
117135627647
56424855326
158181937579860
1462752563950995
146348772076164
230650313716762
149035355144923
320591151375375
119952871410011
7085335997
35737966741
149434698461737
133369090034451
449452121830710
174154899297889
387521454644806
239667536054428
1433733706861199
129637653759927
16154121637
127326274011145
350984548305113
37418175030
66757594954
74484753514
110152675676793
232213640167565
237843743897
223993857646230
165269876859823
330262700345179
207907786666
129184287165804
194212140616133
565345236828740
431745923529834
119045161494427
325895184205949
523490141033328
332390516796409
116958691666039
277907585576930
139558779480902
154357974620696
116787935057056
123432644343235
10150124910235456
247264655307036
160353837412722
329671733807790
270549478324
225447960817285
205667086113172
118886744815247
303313856409856
733888363295414
206838329416492
143438799021774
362918433741462
414406591944365
106813929457679
121633185800
141149985924076
31231052697
200183103347113
283758328327079
116832620224
107691719385990
273247149353565
259473810767533
101131483274888
147340075313984
334863323257355
274508055946011
343202649052624
579773945403212
162143027158541
154457151246494
362924003821038
531620433518965
71675182103
169142139769391
117486881606473
477685055608736
202184776605145
591386177538631
3396043540
140292076044261
181076018639071
158727587528408
193639533991049
183605328455949
156089717754548
133164375739
161865877194414
111563162250347
458983114157763
451902381536375
206798839428281
149416568430371
135581996487601
219649940739
126605720735590
296646023768383
146326895433670
146018672115385
158577044196953
189188887798483
139321549447767
199132553522442
111613448891736
50553469081
163614213714970
105523866144321
135621076009
79485086042
138311812891730
326930070683216
185003304989570
134688186584581
76252089365
119623238103809
391098670950082
173432339371296
167774659979603
247211121995467
245399505576483
170633866458170
123180958504
185804661462485
119388201556754
227721187258624
295035713848201
267969823906
167681783273748
105347436168787
9311792193
267503003269296
139487352735740
123629220366
584254948332267
162021957179135
231488893532033
135280156521587
399488823455827
112594238780474
130783020299594
423871571032409
359662560741512
184591498251396
455923567819859
437459709598746
263098960402561
179575712088532
72125855925
283723698368894
252137041527525
157347564308955
17451658357
115195838637335
136365317248
119475561452172
527483744037439
365562850134053
313813468668915
189916284431862
131721546489
209553942492296
154872567919
366027189021
30119633160
161986697160237
172604052767988
333994669992428
211177642403753
108994665793659
264510786905910
163384870358258
2376198867
137704349614015
275127402551072
113696968750727
222463904457648
192229990808929
153644678059870
129453240446275
289653991140120
115463795461
111998905531977
173434652707123
154520377916363
11363842019
172501942760540
105347574961
171487199535978
175120038219
462238663837288
300511377223
13957409564
256979715744
49203228906
142287725855094
111783915542681
136234913116144
2308136191
301256520161
622796371115064
110157812408334
104702212905964
118893334857916
116062811782587
126196237447822
105030176203924
258434103148
157353054313356
444673758939659
250617178518
378758668816936
310359565732788
196903860334833
111399285589490
113529619819
371945439559583
114214981947977
299672925361
136113449745644
126320770739022
299172456961
225448940803957
129554210580924
397558063667784
232493776919166
263884680389352
236022673141389
573719805993636
172446256160477
485022101516360
372268249833
231748063504219
195402333835175
123606007722020
236376448158
128296273850064
220490137964979
237216689701390
284326458263319
138574219510368
112555325478786
177297825623692
169748236410206
254525541351310
228165300682634
177656797355
393843177375561
132655500137112
198009027278
160363220729661
230371220351122
211525172342602
211260932253820
139363792779859
378070245600068
143158319164800
578127538879937
123903147643151
64795506114
127944293939007
227798390649345
167453543269992
539509169421678
74997975184
161209097174
123922324286425
114002338676964
259525164100619
247323205309962
173747042661491
116154188500187
107343425980438
199010153447270
243800192437913
113097188747535
64368537493
339952366080476
112190812172796
236912326400825
302270929793439
237036729741694
124744124217273
116790195062261
115512375141977
461690023951957
156446650777
27178406486
162575247235
185247161488943
333546180073685
111515539001271
280747332029718
121937287842071
116913068376
162264707118967
142505829134267
124543210935701
207689995920190
310557279950
420247361357153
115482931854642
362293833600
288099924580517
267728999986886
201275219971584
360567800694
185542931481757
67672500827
115679975190526
444466582273070
139706616078480
231668803648484
119139441570355
154850207858317
378402228847625
132725426770373
190851910961546
143278735766350
139936336101
114750555226259
146252402186285
117931721553414
36070381496
128439573889394
456163804423023
158587972131
219655794714370
335383991105
195013550605412
224079127603528
198284174405
509228045797951
189116767802011
18015191938
208998686824
421122197937907
184040768285
61377565444
537614896276507
161024417255724
166821186425
448794451893900
124848740882612
499403336738590
583685311694796
217041948309757
131291030243542
461521460584302
46468144668
179250855448139
423593317691145
376222775774206
142329495797649
17521362920
195269083843309
550980478287930
262714123829929
323500177793332
469209276525314
365709729894
397668330151
306764896088704
574994159180246
283533708432425
155751961199052
122398707842455
319023328231631
267453465127
369817626957
292457515639
126428964090088
381024035345356
379178705452621
273383199390226
64942597745
150946458348230
124810527615971
447418765277620
160283864086995
79439656165
215160975166467
401032263280802
129696687042653
202055829831734
212962698777532
241632239260069
260477200784237
122384521533
166875150064728
247465745263663
165183726970741
259944822555
229692417073159
205915199471129
131102960269666
126113257442223
103697123010728
313391658727947
184217821649480
74012400758
115222731926210
242486402430067
177116303202
173507912666342
119413761494
145069235617091
164212436942142
172152796159949
462029887145082
207096673951
181979405842
143095545732119
364269420282629
723993794277531
7080074318
199303696785330
89098531543
154272794636138
141898929179019
206429986046631
147502535303930
157608411113083
31388860473
130425623667620
245951602171847
157958697580988
116111805127522
193818524078015
119101471537873
127838483944524
158220174214327
126591270700240
163160020464764
111609062204510
136512159624
116414155096085
141518932574944
38747896643
175304405889314
174927749225665
224539394300464
126398380769504
122819344457394
2374336051
301936506545040
2405494884
485881288175696
440254915385
103822229704881
182942761735052
187443213278
191885864255364
198520716900260
186410820372
175022545866890
289688184464315
135153309853040
438113136240045
121059524603473
171979322851723
37666868001
397323450315564
433337680065765
391400047553406
117190508050
229702757350
222468997909031
285263378164702
197542090322228
43709923498
258658884191551
4877392206
120563477996213
113410682148029
310109035740797
1450535238498443
245545648910192
294215720598441
194782997286339
195409021674
327787900681317
114293468607049
236514059784541
524394760943390
415929825122785
102323146500073
2521910901
189666424387715
99187993246
92264180565
364790352016
622870241063612
279343665079
171606120308
40153783332
206991679373158
162843607082809
518493674834002
110374572379171
167969729896883
229950910459594
129173767194132
486102871420703
420632048031619
384518354994858
306370582822051
110894528936661
207921256242
114488918582177
151427701661945
339719412736631
178122235694673
104291299626712
158668437514165
108338602555813
164914533589201
511276065580059
163789865790
152971824742259
148545448507002
278129922222683
314039636110
249514088436353
219252744795960
287074358031811
149861751725528
209864595695358
108063815944993
171130594853
237847869601526
392230407497015
108716282521686
543848398993420
119027014842426
166992980093560
8894591934
157420660979834
261560383923827
182092435145464
571814306166777
138564876200921
259426297491301
114551895265161
180846215352894
112732768793937
120746444855
131928163488848
368281845959
190060744371339
81139941202
184944844870909
502259263120595
127296420648628
293348944009456
241498369322077
100154376712904
158723270853136
72963624228
19021172197
194236457291623
591385267538236
136596499773226
395114617217921
164570700261404
427432313978412
297297850305218
192799854073717
131010716966251
232599940163784
171226282918979
10150127052430203
165768676785822
468555206556743
146744538733216
375039685948009
79426187682
131506266908962
108859445855704
379938028687793
243143392426829
133255686740584
57220127280
144830958877952
172571922817021
178733612156994
141848729158698
171350439587
134693659904484
20126883762
30599107238
156930787668850
139068612792500
139411164252
157682347659974
122556951147721
137903809609758
148799964046
479890005416706
198976496790576
112196115503353
179622035438178
302725529782794
3447538274
164575203588852
168861139828075
172708326171755
101899643205911
126383860878459
363692335933
239079339192
286941644784194
121241974571942
139832429503103
112270388797493
179372416900
140139496065117
85538753548
10150093707445858
128392930564593
132280000165846
129982580378550
328206210413
180107712013766
36706751821
142583772444750
102978293121214
346759272005624
150233495165294
100792273348438
157742920933005
189309987769660
59100207950
236473776405726
343650549038783
617636684918053
307431439351380
220429624645828
115758052223
70907317420
296158467252
164389400257932
200715069966566
156149244424100
166303603381066
511395102228943
217366551627900
189977524185
253239687628
226487370803
153839431317646
148061315211358
131127933574421
348768240767
3021345037
265201390196711
195662528604
130164583741660
305990076116431
113562132018949
165066846847451
172381936117879
510419109034464
124576684290771
192019987525706
273667799337756
348351178516010
468984829792174
430955950281973
207296122640913
199943983362103
122342184467303
319114062552
157643297597296
275583395793636
260773140604401
123412110181
263671967044811
107824033718
110691215655892
227991737252697
262054570599881
238359676265410
224568180904405
177604238954733
116871541668939
333875603294649
254380828638
111893345521660
165241813508803
160220556777
375520625855987
157448064285954
325988921697
385610931517842
253948831309763
126677284112469
147359255336845
166863400042703
181928811842375
270634683005351
1402512489966424
134138499995178
370812466271816
133764866692459
194714260574159
503887123022958
169948609847822
596464077068311
468856936513211
1419327744950612
204380716390609
161128210587174
100844999959268
77097710699
136005391467
250686805067408
503304443026845
604524652928040
199684516714307
139939479415666
198826126804423
209813549035839
359942453443
418508248176269
148551585250127
213975088781
488203304546770
199857860056976
545937875421529
113561858666012
375941802476803
297564810272481
136631966401979
199316530092539
363443457064765
113759025306004
319717996789
180408595315522
119242438097337
200446746765256
216315195049043
106178764746
391605110869529
283058048395364
181184391902159
440857109359550
121089181304841
255528554459174
364777879934
107886339235743
149232221808478
164781266883706
206576452803735
107047069978
495647997121036
235685696525446
160659807342943
173063976075782
461067500578816
117218911630016
125043510846930
232148700181828
384297804975062
281743531872824
171190646336744
102849213086297
266260966719323
163749677017618
28442391343
508868599135190
250253631772465
211851232254436
132442243488499
257130094322958
183529741431
208045679207522
181363155291298
56579077293
2509073032
258367014241510
107983269787
367160293313398
110129615708394
409004552454323
126705424199336
345056490695
23438505508
229813483734900
71571603539
175924255830410
136446926442912
315533671915895
193661814006321
223662055584
355823546895
257376754314765
215613201841819
256619664384520
217205335106446
453720244716593
119937118019464
128965430448783
118200111537883
306757059337677
302753377533
165661066782720
330125133237
309860612371078
520451471311507
296290247150934
518795561510655
122140241270951
21253083321
3105775330
368429086549341
147016828677079
368674866539748
167093523429570
167633464091
190875244302887
101269853290984
151196408258933
136200209783740
374622215936451
147458515318672
287666721251930
181829855167914
1433941376858527
358122230934210
134515516731753
408234305869656
146823088723570
183059628409970
192529384151042
262461440454838
112580048822457
369775746414461
193269930696037
151875118175079
327486933942278
178911757628
157277837712294
110743362338395
25827925247
179693085379570
152096868186845
188418359802
62999632063
266863793334392
343377992429249
127788850570963
114301972052466
148832321877204
152111258156947
316339883328
491351310880787
403656456345029
193278384146643
284080604937217
112069106121
134086730325
221190734666023
151075111585047
134895876606588
230186220372762
104778139479
289421787769227
152045414852131
108622519208450
339444600959
136737509909
263246690391312
471558136226524
227538420721772
158999157459110
221653847848137
237512269681619
155202421210030
370583663020803
120249034680955
209569249055691
204923868039
169879703048651
144520132226861
141298505932729
249156448523639
16729854715
8138090269
261228379431
185931034751252
412212272151313
177554951839
201803316568728
300673636660678
315610541871064
185831268232157
55753818692
383990224947253
2402043058
545444755495149
138031582893987
203744956358749
211536099005797
377933188910240
307571686013112
371047029691142
112537152116651
138244152913273
166519030225863
132744330118817
178959252133287
291798220860
357331374288021
124855394234339
186850318029150
359803599405
290093934534
160322500674937
110704502296662
197942300242302
178286725605367
119816211399628
489505851074826
202605063095178
113191652055439
87685182958
132413390155560
176689359042435
299577152606
117403181666409
154417351258053
464686836891434
151053708291963
121871634529617
256294905911
247157928743392
224303907609430
199682180143347
205205622890888
128307497299777
147974958722793
2365494537
110820195607894
138368046186693
110062295750391
186981981345123
128024947215917
116172675120111
328630488026
65928292072
337587919584992
227470060632263
500526430346
369058349794205
512639518794597
140956165916773
118682674809838
181550035200346
149284241794491
576130419068264
179540572222327
181361935494
364168041693
138073899569654
140140556107298
240900429285266
125503944173712
491717787572760
153956501311775
202746096443643
213114672155466
190240864331766
142099985859598
759335687415334
166706750006437
107216782646979
271659926284850
624074127603680
406696639368161
154781077881269
295358760521468
334157243325960
140545612646596
151194704986989
336839629721636
132966643390167
187064954735175
102014209849043
241912422517537
109038195800973
211392542265180
252111671696
119992448048164
187641517951778
212239512143901
103350469732189
174573102558028
115029031869373
153945114638225
112848376993
166308588151
475083605842590
587474497977063
100314226679773
168068589355
19126885616
146536155945
517540771691256
271588316209350
166013376782265
337680106275807
290314904458702
129406557167892
327947507220707
532152920130206
193676690667198
162228863859609
127679500628357
140343666042591
232659193475161
277304817398
387946437933523
6071052793
380033312124694
164820770266803
10409397185
134124253267439
115651295233249
499388280073989
170671259651499
640638542629204
213096698747336
107722776018094
346748840048
119866281385524
161472460571934
282931841805811
494509405050
1642478545890728
224564637582429
99749436953
149082428445678
135427193319218
1409312952615016
95370940740
234678046614764
230626213615077
167692973269210
167614906593505
397600276959629
215396078483737
306276206122768
207161285979544
187288694643718
185444196465
198491543708
436820079686126
281664665177721
199523053436473
53495114618
23723376453
216352075054740
161009733935258
1386468084932140
164063256994618
377554312301457
163032157099207
100370503382298
463101133742957
643305415716261
126509154087591
113068338845159
296108030489520
141759689294537
158937667471235
155749124465080
270839663027884
12113727183
380674741946985
144235728941029
177054532316756
516581881792531
149838751731831
458425980885642
180721608623027
203160796361073
227823082573
163549697130393
279705472118319
606080819413772
24707541811
182035348499496
373035032722929
120052334696503
248953356872
122285154544894
10726707410
114390885402571
468140246617389
482400471871682
165747315075
145880842166163
126079140832030
218504764919932
201363876548810
394518010609809
147188248677750
176804789121685
1394566114092241
425755285303
157620154260487
437602046250027
137574776283618
392631660786127
135526786459028
112482502148652
3008250443
141471809227028
304727096245417
255591107812448
160292238168
378086715586538
235752283144441
64736012194
154511494572992
163098990943
112667105563015
231657129023
166759700036186
558837447471453
157990987547010
226667166080
110738915668537
377182095705184
231773106838046
352478673336
201028096610994
130193993667424
113519268710831
280768488659261
298589676902238
106931336031650
399155573467250
38009486036
536069156445492
113049188717056
359014544128821
344041325676837
222085271144539
149115948441659
136608579722525
1401556206746933
175053615859789
160291820682178
541025965969686
112292968788817
212238924531
282087921857448
67839049483
151507213956
371536995804
261203767255846
116964928372956
134735976600098
163753517022551
133377974566
242670092422095
111255295577945
46244889033
170051593005978
164224737488
257093914351411
234611516562586
178307095519900
41213951556
259672134424
154167091300409
204932906263091
280171808749811
129381300461894
360554927295924
422036491181231
120923211271457
261670637177756
227746044050459
115163611859335
115249445227759
631901330157102
584093401629698
157775474272800
279383878748467
245341545712
547985475230755
186513741363512
149696121894146
164940930226265
406087299448174
139114646178872
101046133269425
172689716102069
360594700170
264806579934
261796067251035
197567376928527
225760977045
158858954124221
339528582821778
138645449500556
252229764923923
487015591378624
268790783234542
320224264730863
494114710667768
245543325556547
398653160252870
367415665181
120310461361905
282425385205355
8827826004
259816537441322
141928872497906
387174064732856
360702693956899
101782480023918
96815041925
190879177615060
134005320007326
224814317549245
359875330723575
48596151436
298336296916245
571031626245826
388744124523239
434377149933142
159380664150667
310085395798235
147124108642216
191685924176069
179233568775758
258031544305338
141043551137
138575656172984
125307794210678
306225262780703
412150252147021
108669232546356
47203565422
271262079571861
4942312939
352150678214331
62445301681
140505602636868
176964795710805
434364683268921
179601112051235
159194547472935
345388185535155
178093711489
118877491477539
287625911321470
141965189318892
122802517804771
298112683577882
91656762583
117708921611213
87935211686
150385385122351
163957006947825
479905092037903
19639489960
340194415080
214092902805
173833786192
103287946370929
423157587757913
103217176412372
288916771134535
202971521216
163608743685806
242540025815346
250571968352235
523567541012215
107727025983833
157785064239480
212581392090525
225670347474872
210260349052001
102576679799781
148032541911212
163345683587
252536418226603
524485850911103
10150138890205613
568198559859212
53620771449
130347450329810
109215469105623
2483740875
150238628413222
350623388892
199679706747954
206852312659911
217147285347
90459985945
176635455853839
131050090248260
178746098878561
168429393219452
103114492243
137446309620650
303947882989019
113060231172
113314028705273
190474830974279
113478732008371
9376276093
134522799922031
192089954141756
376604520810
106941585992139
515520938546485
184980944952
152087418188519
224500204307745
137409049650615
517624384970330
107942282594292
119725271400650
592495674106528
172220699476208
212077615474453
192808560736136
204321749589854
177150572296197
402368573124303
134980666550322
156550261045391
12868076857
140088966052639
135106473260348
145749772157365
114633418559428
202737379879750
145650642157667
109298649111630
127784740575180
132136256807533
470753843005128
261198561567
107151292643652
384741694979736
204519032914232
149588575103597
220113641385554
149901038358702
317939334970316
165682696822586
142080822501123
229878017062897
268361116588105
219265714887976
189025467895046
192602250927061
364994846848359
116955091761573
319288774870076
395937703801967
235524759819335
168322253195119
305340806097
118428144863139
239381482830404
225771117449558
305561831911
438363102878067
180213952009106
160426090641279
223743057681405
233044203848
150167262325
112144052164013
246431335442257
157653357617719
452877701397328
214032318540
333086200150355
124296731018853
353762867998115
122743677743076
352541114887177
181335378572390
40338819712
229696143754450
524255107591165
417599791615650
105451392851924
139894059362416
142555202539802
187720982603
8177916569
242686012564398
300336500053922
280364548642386
357292918076
190827437656189
151432411585132
183893085058467
238048229623663
100626246643948
116558338365029
174923022525853
127594755061
233395289136
221459966138
149239095108169
10242189945
254980697942717
165279743512620
310822545669400
135190403184149
131874223603575
170464336338914
145393915506961
196447710479709
117882885783
126838653992861
100616073343311
119985924800413
32537825964
132816856816556
397102003668715
215775079404
127673973946318
139908232778316
202834586920
115812051901455
552588261478834
265750983440719
415061591934367
116423591714899
114351071985832
126584344069028
684272484921154
236122479798114
161509723535
146118892073972
207766518608
291052690968753
477077222400232
206002319419969
131667726971193
165203646850703
127300773894
320764014611625
193498300673805
252316324857893
293573000684403
142121735820523
120400341970
206310139383242
296485337028608
119736058046107
171998229557160
158317130874723
665887903436925
193150190736166
197602066931325
408280352565187
112656155448669
822757527741793
155191127837692
237467612991904
150993638376513
107220332069
105233379623206
208189925862906
304076013070790
590221971028205
206369576116193
285584868222477
182663608423266
478861272127206
199331106902
132708763430911
310916398920958
240099559381252
109737885740712
157370864320523
300436400053921
141975342559337
148881529100
2439131959
8519508606
131171656942794
212666255397
118208171695954
364421903611706
575996002461326
214593628569855
391158784343628
117320678334654
481018428576811
506326206085655
122775997863666
222965351112
213518941553
253043588049156
6483758771
153680921360383
49497469158
163316950407128
137178799821820
218549051518031
362992417106609
158226550946822
462228015566
167229049998119
378318652223323
166905810007692
202906596456951
303064469776723
54546447527
189076611161049
64420003509
476850845760542
115453171902465
188643371171536
144852938930232
114957851874294
171741312864080
5644329558
197968046901304
193391267378327
156247124404264
257342964284921
133813423301689
669195696458477
73911425534
636252029742293
158086484245654
246384391796
281409718553488
320152278011132
142867139103802
146078808769941
212026485522894
334542536578785
107981419230891
152170538139131
361477403917930
214159105355996
142464019105982
140600602673902
198346166958604
107682879356830
418021758264930
136541463077574
122672291098283
107628435959276
225496380820004
172186352801271
120708684685628
117569831615544
119359148133303
167372986609395
289264554441128
192602997444667
57573048462
155192914529396
194713877236093
121475011242953
35920011569
282960965120740
427172753974294
213434932093263
435874509764542
285910658111128
165812846840483
308918024569
172553756105991
134169279973626
286393578079201
110284481587
178277588987008
114330608750786
113613998666044
130880320293569
425962607446904
237702666249766
315378448519054
123478641027054
191694359651
172942429396251
126807237378361
159067190895855
176698739048916
295097692316
375247752514736
173054066074578
154794404542571
113004728776346
1434879740060722
146872648703868
156675664526008
139670322799514
254603807902317
274301569282729
173507676025119
39172555027
297751570276
115123691954025
140181589389188
530459433684460
47079505405
476661545693695
117028081677724
324681526160
186268111422317
177347612374461
158432260993536
50808187550
134765376571849
262272922424
141145359256200
211368905570112
130350740373600
152973104736490
155018221207734
205940816179092
208527462518885
171344769571965
663284237037897
271307069610125
181023905253581
145236405546547
108822302484435
328690390474310
297966156974313
109965819074008
399224775146
357878074202
351809108197398
536099809764038
106451196053938
327172740628027
187995777917493
145793975573672
78983983009
150648845090591
161280420550968
316775038354732
353108598101819
1394026387476003
215702141887496
319584841464840
399762133436696
9034849299
111689078859535
203568195269
127622707269109
125335964150697
162105803517
146195362074410
77513878303
203837210939
201493673356674
424797360440
96248435843
214734751961815
149325018300
432823273433533
2258014869
147755565236363
447020695353217
91756522905
136907259717638
124681697546275
126868720706315
190276064371892
265452310195488
127330743994450
128339600523502
114306881941257
331279150279634
238155399647243
234582059908941
419197694846606
117972984952543
155221027821637
555794054431393
110214259024375
209285289104986
226803450707312
149588628439275
174225559282949
108480335844559
161618784012673
250457581338
164061411923
76542679939
113349772082971
263461633663964
174489652597378
323911198548
192084704167906
403871796331566
139379311014
249599688384845
105693786163178
134404486709850
322747221147621
209978755686460
123263689855
156980291047774
137140773008584
115942198483839
203827196308809
137105036432267
161293083930879
502949316397279
122581334440301
463685847045074
327229777290354
282096688512542
288979657869746
194045377300689
205268676187766
139572022815733
130797066974445
252188082755
187495085624
140397749355631
169766623060429
162071160516064
182687168411984
119715644707574
149755978384927
129044152571
171788669522439
206806922748271
356669017772475
138642579511013
316098478409368
102510009920344
115793602452
119050311451470
300780002311
136325883099694
43110559903
339472489424459
339181899498868
111457148864288
129816533752847
111651893463
114029305282100
158709254194436
114820805279613
419035224820013
242727979167608
115429511813852
249238415118938
30663415560
148053065283944
155700081207460
167087696713221
591593214184265
133465040008099
417301541724210
411745778849850
493232864067504
293160047466
410128742354440
111271805566459
283626988422290
68494421060
425197310878670
2549790782
263676128496
354670492387
111536385578703
132113483494443
252344464814981
121565117904775
46929862927
220969501322423
149079158595367
138079047824
208688205808637
106871459390820
164118886949520
170323717425
168002973234177
165767496839617
150449918336925
246422283108
126129367455110
311610832226735
378316392210156
149183761761355
188240811277030
39293341575
171982401498
49572793475
129566993762749
225699517511875
137297062967777
107202156018838
205881536094593
184479704907235
420766951289225
209819909062388
143685698988231
108848215827651
187549874745266
254216771315329
252778785005
218801781466301
241490879195373
150907174951555
198274680217151
200193303353101
162908687217766
102509896476331
418790494831167
269694033150894
228173530629957
116676921744431
113003962065478
453682544649767
455671787803520
477029668981617
396462873741162
131551540207275
422025394493157
199410016605
263199723715702
294507740567249
340881142601955
226105637428999
133130448017
116608318401029
137082612977992
207258519316205
122898094397121
341391555939399
103100136402693
199597640086262
139274246138520
142140495948807
86293708655
119226341437457
169957566367527
38382154351
389624564445951
364028263703107
136482209767138
609598599068961
187136414669863
115133411874234
381489868545316
112181985483019
193611784014526
268544583210696
119421074773036
120870001388880
283204329838
369336039795166
594071127276247
137227063041929
396013900487750
218838601570578
132771623399987
255291884598115
383053026577
173612806107412
164772886915418
288175587957982
179459612168289
1458350341057427
290725640989168
167665689923977
214309071924895
294404567300602
356443544428005
173026022742732
52929925921
7635383700
133881496748582
370949049594446
264997286925898
105452589491765
117920455012788
90909851698
322054602528
296364270389381
146643232013815
111674755548929
159924594044587
6653103105
212556992139224
225275607623626
285231918183106
359783595154
2438981128
172238929601222
244494548956755
697980786885316
218306734858837
109334105764817
145915158798143
105308217913
139185852887007
187975114667750
166505580072606
370471596312987
368101806610524
111537805595509
358919267244
302006227267
49145642793
479213962127587
265092000187882
517793364918934
169108963124722
182536004998
93106750185
2345673396
200167090048537
208630925872138
118712954830079
160340340691501
130421610310624
382172851800617
276480792374201
187545774721070
10471770557
188313526894
266858203384041
2371198661
196081703740768
5801012927
164168823600321
112862918759431
91532784260
181739275205606
135588576452327
228412317244228
152524258096813
214514211921681
122753861103575
190876774278627
151199628277511
48181418982
100823973307811
131004817042870
84982797415
260937857291066
140919412656894
133082040051963
327816577338991
135791216479620
113574023556
146572508728561
190405249638
47804741521
107286602645990
183972866494
253371170693
189313221529
361509740587132
126414194215184
447558968613531
284812298227239
248705735617
102337099931761
483766065029148
484469565643
408442835834210
189686147716979
187991237994364
108160725869250
181036441601
224389414274552
185776694799388
258254443086
137682866325057
111071299049764
164544426976450
153743928030661
478871088789925
120608177953522
189707594418422
311899579094
176426145719269
135161909873935
135583763123755
141633279236045
471502846205379
122306947865889
339306759501559
107858969234583
478454918864166
286445721447680
173938909362790
11712035852
158957427476685
49024928184
103404493075199
289528737739679
157563714318275
145938988779727
183520418415723
101837879896943
366709423358404
238256999842
127742264002835
114634791907143
108344419330338
141615512518849
116623795053822
197386193613035
72028704261
175037755863662
164005733688071
119076384784887
115414118478765
180845489694
505010566179078
229725180402672
206797689353418
216446961821375
243417712356660
195555003790380
160745070647774
264880143582959
200156203361812
269674833070761
194693710551675
160741000627847
166638883285
161960353830506
131049967089918
313122595458934
376303982453343
122226147831943
227170647355825
397233813637226
44564891311
235083829881503
261253657256657
85376025691
429685357101209
51053232930
380588564480
111506931275
171222711838
124853194323687
114224881951277
298767133567444
127337483972992
186460972550
149749388396154
160496590656351
524120097621438
146237202114401
5895217474
18307671575
229958167124738
110063052376595
152451818130304
113174082133029
115364795215697
220450991328305
285964344853010
34709764250
176182521927
111699532182345
152051121529660
247404599522
143868055676140
222479634540977
201189479924274
135381266534298
229535758760
408326062583779
195123206430
92596027847
352556438148913
114201045325809
130666916961678
216299318387290
10543261666
142434555766717
130824357736
494541060609395
75808528195
175821072463116
159655377532779
116807695057609
388118364562460
182204422054
323161937778880
555828457801762
73404677277
99554596360
399756510170905
152362718225717
370391592972706
435118036562483
160149997878
120264574685049
7188534189
227618443955913
503050996397986
139165919482166
112813808737465
455013314535793
200103733347528
327076147365795
405591159529180
159512740854943
300017476755761
157563764278358
380677375311765
457003451004097
167785726573107
196375740321
373620746020768
134425496630143
159963117355646
137153409717806
349341168465626
134309030059310
264649913683323
119555231405118
130217776994053
257019933004
10150098768055038
189398437777612
322656221095305
397683280656
6224046065
181987605145853
155326481208883
183042848397077
49238143421
115025501959123
422676295436
681790675180593
118872661489159
121317124552046
135004399984102
211311762253380
317405889465
151473018977
343092609550
210605368997076
152424884783539
208409735873605
109456235785911
395720707891
133722043477988
352469150871
459449720822336
333846903320181
164304353584404
145739692127756
186574354694300
454978404546495
134770506561174
205397519563150
152446134768944
282043121886112
198633050385
55547526399
368913733162453
246923781987222
102076423177195
183341613254
145837105462966
208891395787993
603268929732058
160038590760371
117670158262038
145457235541151
200281796659561
255398541228559
135249946532790
320142681344288
269015553131650
222456891127262
241970235882472
143552592461262
112254268832762
134525273261934
219912551370414
194409470594346
579588785391878
210161662349082
121218566911
115174198566923
221451414546489
583890554993364
41226788140
116832495025704
160861803954788
180536045316870
174715185873423
106980962658120
183661215085448
122393916117
233285760015400
117993934900864
309801889035347
183320451704779
140301829384532
46467435746
140508609300142
621396587876840
104789749612288
483466825032004
90868172350
409866489081431
187825177941762
212095832143742
522048151160983
474302962598120
143596469951
158544174162113
125948224162915
18063885304
62371051216
108880882526064
114468028599272
125266630877491
73340898073
159518827450142
111100325637027
152515801488293
171681925906
319714811445202
303081506394921
438738922902458
360204867446651
107752195930889
173683929332675
10291197539
251471694876046
244432215658900
189039964459481
231650646851736
352155171562610
243996819014615
156393791048177
213173445359798
175142949242220
125469167516722
359209974102585
249348558502520
179310412099223
352757751422557
133800330028779
107912279272811
234214823304802
79562228021
207717314188
622786544431736
139717969457219
186704081379615
162042136152
277857432295272
223207251040742
320474101747
113636461994088
220920161355586
201984570506
342609611420
191362027656791
142717629270730
147286981990883
390290887657481
528732163816152
127047180669259
196263853787347
389716747733286
112345125542131
170932139665161
207458239312083
113595985390358
133635760047285
100153003496043
169320536463665
431363036935599
274783435946813
305833212830483
116167575107664
195611817141370
160386380813051
174529615912437
133567686721195
89199113099
440977272598214
139678382761854
177890052290666
123615067700404
89515727790
103887139649257
116758605070688
121647177846343
201935759851027
114770661946535
103112486423366
109377022421080
60708470748
162514753806856
470595379722992
141893259285125
158325841009
416078318499053
108161679224237
2603626322
235181356523885
115687005181765
408253589240040
151094184956557
102884676430461
121878857881094
100139666710712
152755248083313
306495682738302
199754686753477
202926574760
133554205878
118784639216
342464715778207
187516345314
334201605612
228116856919
17357316538
166948076765683
283184358463858
322475795277
191924250914374
247175152051848
195900880667
136222549903726
229718243814113
266372726811713
2799951419
304631699667922
135962203090426
149314558413832
245186925522108
205044069516434
129937850479344
21891251575
383272843833
252384614874960
165575946820720
413717635330278
174392925919581
234898286612617
177876125571875
287216754733919
181338351957128
2348614682
174005695867
260185264520
44473937954
311407578873611
225880234096785
254066384616989
345251051843
295749603860164
124189607628428
400016673358844
405454986216391
154894164672269
117633148253098
312783497417
144017619101371
122462001157107
181233221946095
169881939741300
213709585336059
120580997988981
126724730825254
74474952538
111884338842047
540777429294114
541973425816363
110003972502088
109974702426362
114405068631985
633393840017576
157512464264226
142999015746271
200816316672702
114482365303687
119763884860778
184037124973660
123330401024156
86382555399
340496296945
185710698120550
134330943289652
115829328445307
204123496283276
107164032639927
143725092321484
2661481200
199724461851
191735044186885
299363820099259
158114637550568
429781463740213
71200177449
138326442889677
134274003297232
515043355176096
118916558012
138362696183894
124055257637089
153587201412846
168641655540
270125209671634
605429992818458
501719149916477
215862118521149
172624959439897
158871214169535
250199304993513
2466516986
125490357501654
241079750077
172538337158
175830125810494
367148699984478
111137091050
214552408579027
392453884149743
157350121008431
53834966297
613683881992093
212971455406070
188054967874578
222701777883741
28768675863
152026071537416
150044735056473
201185509900302
163418073697933
193168050721272
353094619157
285423381468911
147390315316282
120778741370473
160847300640251
129547877091100
332900612676
102271129930921
274937732543086
182169429619
180120505387668
103308543069273
124128260933459
318256421566673
379625148824351
130791333621603
162684267088123
127494340610701
8791257134
64018697630
7990866442
113983512018650
164474230283123
122636657797222
190435500990432
149974125015732
108468622525037
285512727338
157525264262177
135765496481013
186421938081099
218532148278592
176485052414926
103516059701036
230189050352725
243598252331347
134425833319154
179688882947
87832329081
177353385614998
210288219089362
131737250196329
133866256752153
8414456434
193048084076885
137321562997915
180226568656875
171922003633
108252042577089
523572014372939
234354909931691
180391680451
120928951290448
168030536604825
112462268161
109770245765922
143699792320828
188508854502072
148119151984944
98402258226
1430031087214162
382743411764062
104944241787
139730900025
107896095907628
393455134037773
264015190299262
2358484727
219578134736211
294902430988
176868692353094
112978275020
114052328608030
133199710069952
278955899987
169485816448932
150997527214
228812227239496
106784092714004
461445830537815
359406160788297
119600778096160
278893587908
163101560498915
212370338887448
296766821473
191217060453
342199640253
222508794448947
118214038197169
148940558480674
133853496670035
453506094677152
329338272587
261111004022354
242508552510787
350539401713793
573816589305370
19710291259
179346152169496
134454616649285
182029258514887
191837030838933
386870804658639
424045204279010
320629714648430
163973404916
141416869275610
170513299636882
157825257654955
144680838919361
394316330636406
443054499113132
196473563754073
144594428964897
132690750091157
360369284074088
355206115967
381537298616637
238646316167810
248047908629847
116494891718522
156348547716611
122071082108
111560158877993
513260312025858
205343649510021
155453741189146
133194620036541
105704346144850
128980707141405
176861884300
351825504868814
334547913534
475001815919352
215267431846091
270116946439427
120627037994575
135648646570924
57055548682
111438902244675
343293819040993
237342086329077
129309787100118
170495356371702
305120102900717
119452351525669
133643190002681
208689055823980
233143286801264
150259598330799
112817432128944
147853578576325
176257499093267
498938720123362
344463015634826
118361884884046
326752620763015
286725454775917
125840927488742
327222110644270
165464493583523
440614880502
366502130145674
140965152602280
291650474258505
114667181902047
470494456308017
144228972310103
145118619000537
140937859320000
135077043209449
467887623241060
138053203766
113209838724302
330508527083913
28845413485
278602818941557
19058815840
298378253589728
203684773007997
170637276286612
137355116324967
460219497363518
188469517830544
205246299551641
167048383385686
19100272286
128452070509003
290110194342633
105513309595607
153341834846489
68946373569
255715322385
122660377757288
121454211213066
156394869229
221641294526836
237320796377569
338018060854
476567535693587
469212763152123
147719715383635
290001545721
304039862941303
100723020033210
357255367684180
394372583913332
227170953970587
164399033642973
172876086066223
155282934198
211655455577250
147712241956950
201239059893766
152441294894474
346354342097531
359130724205481
8588437038
155898781103088
131734303545872
410602368996176
108630285857546
13716440339
367808343325572
114943408525949
117938541616266
108648752541087
147969698669115
305253256154885
341445329266940
249605948390196
293341020696426
425496064247467
259824850779175
132130961342
136630803055321
197804576921355
199008080127590
30729455954
210658082287902
128517780551129
159248674166087
160468877401655
129148450444136
323075507076
322035044482973
59232887838
114110771951965
125763900792094
434230243311303
125244566332
252105068163977
301332136635844
136769269683677
136164115939
123906847621895
143842853544
282794778493616
239101476219798
661777213834032
125212377543359
434417896577513
384407475873
153396778063724
208417429172371
142211952514678
168830409810156
183615931680385
182917651793410
414758828541497
137408079603775
386525781395229
251952194850973
136907128197
408564245897796
468681029889489
177937768903889
627473790607933
160656460775837
185255758181402
160850597276233
294275997356083
404597529605723
126018524138144
143215799043767
434542040273
150486158317515
375937182514556
256974890999267
128943657177835
122212691247906
124830834243999
374015599322232
459033694205200
319422998096705
274626312566652
104114312972596
86416168667
101651603250615
8446251438
151960514831965
24507431264
218382731565813
367907373274780
123940807662319
178100032226381
383205495091143
179229142087638
259698880718033
185604454844559
128976677148524
188771914520680
201925029857428
291396781011377
168298500042088
617200108337205
145307775674
105239756202359
192847674151927
101332539959471
354614801233843
294846407218157
393752473989895
102455679813413
191034970944620
181577481300
143250512533111
287090944731453
259529890760431
124191327655235
306673989450845
7586516779
417886384932254
131515486897956
117991244908617
201730886505500
189180351104422
245971738790910
127913230681308
116849458338418
310277872395686
214242802012223
139401793318
198028816891495
260294981221
197936773558886
299227616833355
125536057474924
173762196028475
301571758604
120993871264661
377426102335557
340672072700901
344461602237671
248773518475881
263807900307785
173149209492795
481140808633262
133665113367816
134182373285911
299729260156315
110021042363528
1423857251160138
193997923983988
153426168085342
551275524888751
217182794970471
208338362575452
10680169925
100368566723343
137682982964183
28251678835
124254437620280
108828515870904
172798269505101
135589799816220
152054858255581
171786276190832
130313617093490
130972710269090
375911269118198
233967616696335
176063695840939
269306769838462
171162382943366
151839698228347
170221116387342
466143586802605
328345690569292
217310234974274
446177145474748
173721292676427
167388360038997
183790561698885
213765588693019
197870693613619
27625357694
140401004605
133615046654422
215153658550051
114118805282255
203403406338325
2607030873
234553156601167
103292676390270
159425167481691
73108916644
127725900597848
133388483354183
439399836087541
132294096852700
213243702029426
475157309163405
96457500722
134639566639729
192743087435929
357255920986363
131461546884703
56212371378
167541386606447
123959857619182
108190125882550
119748184739669
108244982565520
226517517464544
150810778352598
121333681351062
133339423351536
126505834157696
124100234306620
218596381581600
107973535953311
113677008699743
233579123356691
130366617027754
211074635600191
249319675081350
209330149107943
307633193199
271119756239882
19039373415
231125316931732
133814683309285
311337852305650
101393123286933
164067383656864
293325737432115
10194064357
252402168105355
153215762626
187492161529
229345910515912
340931206880
206596729356549
38656534621
127007053994069
127449357267488
10150142382830591
131546670211544
102068836552678
104715989567001
138593579556584
127924213897290
163001540469847
148257145302452
199752486732889
144624988897740
137378829647794
147531045372567
103912916363601
138299456334668
121450127916917
161966900634678
194165500665137
117660478303679
270392152992342
117126648328533
503248663055496
269840839715895
64789524873
107740982582795
187039315359
190982050933398
191542050930358
372186341183
447059278694068
141938139281992
130193190327885
392582377437026
217242861658886
135460599898071
117601231643840
487575861315194
124192170958476
103828889648627
159284620791386
108993185808266
343070129866
305868209514035
133535824341
2415325843
239391806164594
99194940298
109777369104547
204121659658659
416441721807285
110024032444757
123666944366074
191118037615753
106607229471052
51209591753
473967632695927
361314695227
119901318081297
105484376153111
156678004409798
155188937963
139828959364666
570706192987439
578847485494888
184566831615092
224851027528164
182045298477670
38075929120
139428149443471
78247857278
607083305996292
135735569869732
129166173761356
210591945642503
193050200723614
457296507637124
418951604813057
195146953830036
43059135403
374006902671140
479600942082685
147603945309142
152767958106164
622823474451356
123734777746664
110618225676898
125827607448968
355019774543868
303620203005480
162930363735907
455362581153537
286157444742532
136527596398516
472523802807065
207130792637491
199758583424127
336515486430193
164804486903834
105223049547814
129266580441360
164727180236488
231898960200193
183606664987677
106607239398699
120375581319629
56849177140
126060507473275
192794333930
344224585636022
162683947163843
247136308711468
186620271414506
74365915956
104074563070353
203664116315421
158569720938229
114863375309543
108029489239168
177445378973723
214578895298605
30965735904
200932266744528
200600013291971
176742375693340
278995782197519
276294651512
119749901428244
244494104622
183096284873
121737501196172
200646905681
137196696341010
163259660423876
135806236460633
136157103124531
112078882147346
144205338970217
123615331016290
169627603184935
188524381236561
308343470802
197668783595673
193972620623992
117584728337074
273264843290
178582935540557
22974922675
351176431608772
161375077224382
128657350515000
172225299459167
515661885162357
399314570131941
157886987568514
6473887554
220419874734083
133865503348486
148137938581100
125300957508028
271183476283363
517788721606141
173421152672655
146949185408006
264470056987513
154523484672105
136241679764268
113382708698448
147013575367957
172452906174178
103311153037365
127475161750
152893638091936
120864407977265
182044135139733
202446416762
359929829260
175729950744
216061638425067
202389513138406
374095054754
179644005464602
118589468194837
202264223132881
119948448093472
116897601664694
127672027300655
358969567506861
304911579774
282906731872
5947931321
141724015873760
254234397935090
2505240597
34844802444
1407106596191305
143206969075659
316237385059852
310184625673941
44898431470
155950284571309
201968123234139
403315366383932
133847067760
218124790051
139449339559
107864635910808
118674881342
173726995987795
246979982059722
219079961442181
114466555268868
51157989152
140149346021719
166033490120610
115168028571205
194374697299935
305524836163076
318967201050
119931508064189
188562784621110
122414525790
193640430666573
109602199135000
347659878651200
140369386040199
114784698544867
501608156568799
379191636419
174524699242603
181988617439
330464780377529
127970263920039
191246264290645
129667887072528
279095498826626
103608358170
186972364682247
114774958596143
225602117502584
192055960933016
224107387643488
172925779554087
196352123730577
253353518117210
238567852882963
158815570857792
346217598777723
131069426939380
211125305672870
340820536415
214285085345276
106985796036097
106776151812
169250156435902
330120537025027
344289518973734
211901345516363
295143913843401
70007455746
48268916695
153922181406032
151497351541076
119313724755378
123725371037047
188656131239602
286518288109618
107551385930128
341156449268951
176709992395694
436479076369310
157114024387240
113137198733722
82073136361
156543221988
412708662147388
163177517067273
165976590132321
104367736325243
148636651838104
289769151114171
150041988445906
179539945514841
194098333433
131932466885046
258837820842418
102224043150745
67102667679
263132273703361
163216267067743
266610600132098
172703836174805
198066500252492
172571512782952
104656394022
170448006304526
320933571259280
135224999890650
148443799098
56078883483
205969589432637
209175452454708
121088421271809
429277430448082
115196888565012
100496430011028
251714288243265
133679183486964
421516381202760
131609570183516
180591548654292
340490999373827
191976531136
260816662494
291069290928562
163761637007550
205174506179089
215494645155789
199946071563
9322309221
149703571762883
244181318935820
271663589598776
213654985316473
235516276515035
135092813167640
173157242810371
170172338879
293986813952468
46867484991
296897806987286
122783881074130
137656902971961
113246946530
583595315026400
407175825267
342139639162464
534128843342955
176480205766424
394076593942615
301761779949734
222219647807785
125376930904526
101892222112
96687436973
199780526839854
449530041828695
419494794738848
102139073198346
144812945644833
10043892287
169380733077633
122959087756834
131189655470
316796273568
210435382308280
327556353932735
250809004974214
68892929896
38925265029
181548171883961
209845035304
82881466955
132173876824108
664682913544315
205064412868242
240146619339563
242276067329
121129437994843
226358512349
115279341851295
223260497720403
155413344574891
107355682633601
274935625875434
214719299175
215365549404
147808191935473
174523629341303
141102782600675
100044563957
112493455447504
176603265692344
334982579893657
116239108453966
510804738955316
428216537237540
1415873511971345
189068861165543
194377410579075
230507350296657
25773426850
256488024394360
145583404433
147928088573242
195705100467317
101316969957592
166248153422155
152095191479767
214964168166
186102038113035
157556547602796
6548421903
311058855572935
13028415126
115570731833751
278431358886540
417591138274895
339111656137362
112877828733065
113758722003364
118922418127206
244716378991661
144252762337003
105443409538811
118131811569882
38117016025
228524256479
280831021953373
163607763670538
1448812101998994
218746664896546
123619776105
369666098814
179218518806163
133699903326092
193729800690001
125751970821018
53177223193
392479457476390
179155372137433
71097659441
292612477429415
246695665389416
162384753782330
546760645388273
211747846742
239976159424963
374607762672185
146951638658287
10939930426
113500975339945
342765087223
359602974470
167010010085746
132384586877473
253238981397464
208208939202050
160854220664708
160448523969950
229564243809705
446277112059177
100442513383559
208051266291
104326862942942
323620937714164
251070721643879
120681008009753
62088208022
439532236089396
112742055144
121559351219258
204006996287108
205868409437437
197428888279
187008424703218
5573579270
223829680964591
160638253756
617687338280656
182968635067837
346735898468
314955425245649
140738306568
112819575447825
157087300972230
565308393487178
541942822525069
169057703569
270390963000971
65520288282
117633578607
471474276200717
376474729030486
154357394591353
217726569433
233329776698495
189207065887
416586108362158
156424251035035
459943730685689
149524641888392
4014809927
273089422751253
109811609084031
201855668318
248915495208641
255283615079
179036305482813
263400093689167
290123587664616
256511344395747
180831178637950
199520393392508
541204755934102
140865669418553
180567518639348
222238714509491
162036780492206
96106612846
310601309047362
564743106930167
146675755357660
170289616322772
207120368547
197838166960866
119339598096497
440827496031829
113804572021318
272150175062
168533283188907
195369878224
186663019975
199172283489076
21147267565
259049514209478
154798944596324
247553682001
245493102079
149683501798433
123313474371590
149288638421413
127562194054486
155626427806048
172431169478101
150607331684713
169927539689117
100050365344
129975523739298
698157260204641
194032633955650
149559645112432
389344016092
273489762667835
212738978808553
19827163485
117604488312805
208412272531040
216359575057664
5803363687
104894169548080
101526773239378
266430296724852
168508419946450
312027908809797
141754102560340
168851494950
95863236897
198136540212602
308775552519993
450648588301662
178737445519010
111358028906342
118770751535882
243260015717725
113842798653956
205694952817138
103520946352747
199842396712737
258390387594615
440892865972024
205146209565087
5120809677
350115841686379
206712579470188
419502781395491
168853103204319
122982364395978
162277133819796
141438719247278
487617997920601
250888738274136
127536597342973
202787773072254
210837622260536
130587263673936
109825865704106
5339780919
152784791451625
146429892101022
192767050754429
127373333968180
200220356681486
102509566461637
161829753856932
327492360652422
116095141756304
166727113339026
144141358936916
156721891022238
183726381643080
105986166118151
169749529745369
10338565545
164350696923478
167525852295
452054514841262
177527848926122
115130751834628
255506907901405
77283197104
217681831593490
178919808825035
363627937047358
106880072743591
424407670908802
127757220576552
210504105683030
38125372145
112348728899351
122274317809585
108940189145614
368596809331
233191376758134
67459863905
174233862643514
42766332600
347319381985429
328616467220795
323164091033403
434798779895380
128120737221010
118078101542396
124968634289970
176810345041
123859187659950
373425294209
605550102818267
119751138041900
151423041604751
219044458109773
128895220594305
349958207334
10150110947375581
185398008140296
196190510462476
286715611395896
117919731566496
284043165047422
378561465531969
118543258220904
178009048998284
175525799298211
101096083288868
230569723658325
141222956050972
257840737566624
270081619785831
156970457689987
94437770062
295006140516300
478676255499292
189066041147152
155261571180755
194231197286987
284261495002426
89938343362
109434872439045
180054292569
108131200812
111580892213144
492833420743159
317884774920318
134507516613687
24420472648
157469704310630
221120598574
205311082875220
267535686624578
226040784171
349680565117559
619001488116878
142378419234577
44019285167
38751568418
2877035514
717843848260419
77599774492
203064043069260
180773791969991
203289119795561
328480837236
137331002992480
138679116143569
249347133607
153509728109701
145397968837851
348161988609111
110710809029306
147402165307522
174717555897041
215811791336
199040883452536
225314290824951
543370545694629
119255214825893
122355271118326
157122334314052
131861216854090
308160465932532
368149593218649
219238398139279
106542426153579
136002413133082
180224715391044
248436551835759
143248392411883
364307568179
125279057551243
174373701214
299287754063
152448154876778
167072009989737
652333118111300
257903220982355
134657963225446
96634113238
122003694498798
307697562628626
253611634719922
117452651631865
155862811133282
127332370690560
184126568278884
295384609666
150417403163
87989363028
192258977462547
122138604543149
128111863955842
203946119628644
206634186023281
130737610457873
275720022540114
301338553306066
537695042944353
153537901373366
2376093053
386457754728232
211309592244543
105735636171265
357163484362162
107839702570280
133377903388855
130418200387113
104061196301360
127831110575786
427673480580728
151197663443
18265462383
175582852425
113844625337538
150336988320450
112308188876405
136600079740848
164916153573376
117788244923235
542944352432225
122212812114
187844037998460
170984782955880
158939247531097
100678746669871
280908631943251
392754060762195
324090988325
194080173963949
147872718909
213543692103669
96780801189
2360286988
137571319644993
117854138246106
171374939582149
153329784719333
105594539515906
107666302621816
178372975585250
212960272055184
101341073292644
131886366964406
132891660132392
2341007765
22257989976
160351393977481
183569888354535
153124564734018
408847105852558
340435076196
194353720587357
110523762296825
236705319809398
162261930468550
169989493013791
127370063941578
156844681030337
385192528166119
267397573368472
117155574981022
145584572180758
105915609478924
400205480018231
171559679570755
255150704527187
156338887716341
369219229792140
155672437823344
261619137238224
201060253260329
147972928578192
155153491214592
206771522697372
315745255159967
557518120925973
193002350716040
102380207296
304131128255
19982892822
223984214692
159211317480539
345775402126608
9591965613
140586622674265
159348674082705
114646038604184
116412671734664
165424120178436
121620644539431
180810088654561
209881495727436
153982854658382
167486128726
175061759224981
186858748005091
212470583875
305890192758086
240459359321940
151861318201257
137406939612475
371537096200460
174492999233538
2353893954
168310403180114
193104314073917
515819051826766
435703879830252
114714708552650
124871024223193
123416107695452
112953085413703
169500069751383
295631293817594
208463722612629
171488512975044
140281519342427
139500452883734
263843663674927
282892925078054
10767466900
114427055303081
302335133117628
169213359800498
229386707077261
108629702551895
488350471220767
296552527081639
112228068810156
132777253414943
239549166105537
371340459741
187121841314776
413755608675020
18095414928
184922754859454
134874495488
328765390489143
144991102222811
182220645211392
177914495580579
179793002061452
216900178368056
309269862422499
243273386320
117427078292465
256791917718005
171270399552444
272887412730429
345072712262429
94087077903
133317986797990
264142483635414
299635733466725
222878671085827
143427469019668
114494981902191
182300495191195
165264723490214
202445159821855
2384884864
125217460886504
190497420973644
243546415705733
126923257413613
117627911587836
173707172757
413331028732653
665779370108573
484290848250092
225931450787822
189561101079834
172580013830
7211414796
439344606154948
206871002663978
176752095711140
106880176105438
229005017191889
217557148330760
162850930432266
143371375692003
334218903286438
167513318875
153695651358846
400224406696846
229720347147803
201863696513836
367376476656061
111965922166714
154992017994494
145887045451734
249329795115574
286516681457710
177364152301790
214823721932399
140630482629406
154948224682299
318176412072
279583552120647
260970190941
234431639968036
170950409720580
100797160001773
269565366455382
220171144668400
234584633254668
157468784443933
272753903874
118162278248556
162871143741172
382559492852
117049981714413
325508520873292
177912435597000
211842175541366
167183446683814
35703616964
487491061305316
153061654775326
5764529170
67316981713
453239328029572
162237350465752
233650586657836
143615955650480
141432555558
233045033490177
266448423402650
39010226174
268358553177776
305839883694
105263172864592
198645986849938
171272036248903
124643584337921
148771028520405
188311044537428
158274874234218
219905181407204
222418761149462
199842830112863
373649179361856
290916494263074
252525381437030
208076939206807
137414999645694
117792344014
416421375058964
161822150551729
144151475616451
169540233139474
180966281915079
213699715393846
423301137706412
114435118669634
212371285462773
364917193572108
108457752536713
138515556215139
292890760750318
145013872238858
129616500388416
132355796905138
218149918223401
177092615635319
320992428028706
252300573613
492307040848113
117537941751559
342349437729
152375844820932
448260401901840
155525291149233
326997424038612
66164807139
260343650686715
169160083133903
422656951119735
113618918667976
111132845848
136246477727
287066698013735
221441134592551
5173067945
290705284345106
227202500721300
602968426408486
580856078621268
353857011337584
127259123990029
189313437093
322879814459282
312630695450811
543624015671038
197667490251160
221493074531416
311385198923870
160179747354252
410223702341566
369744526375482
164130850305399
114314831979863
164708110309699
182934435065028
286421054767865
236879709711719
233849475559
229825110408473
164380056952184
171003546334321
129764153762486
314804758535679
187583277935900
136925229722676
471532606196141
105671840639
136257963192068
100317530057062
121212057891106
268278903203956
109696052419230
200328890006489
295251467249443
177728628936180
612510352142607
55843187836
169830359715776
111917138820507
111420888902283
376469462420083
152777738124418
187091401467334
149994508518823
11309374889
235821550787
228915407174483
209352762435777
167209956757114
206481482757971
129806633788120
164387766936049
252151941506000
331393820261104
482719878418402
521170501252658
467620886635549
12743880308
153391768048096
114052525339091
224921407536834
22732127624
134090879942667
102899086461070
679121888782702
242984705723574
118432289643
157869477569917
162255220500568
473236889395023
482304185132630
291608934212293
166345793449345
117764461586633
281218098585313
170559719642071
342460095869641
121224827969233
266888773328455
161706767242595
391963760820776
173858535990362
259202214118645
208596762510713
164125136946072
128518155201
351152994936724
117556958308780
113853618678006
212544485485329
290927687664963
269028379807230
275593075860131
2389617504
187882837923824
339963276030158
162193383851062
546623335382113
120796724609253
514070678607549
231519866899061
120881771322836
136763293010444
29144591164
372539826160059
103778826383709
104545309586283
240323468379
308009699305899
157179514344123
146563558702544
193000044066948
147622545278440
305816312768314
286600719591
394101430683303
154184271293483
137036186323012
172341942779663
277834419539
307473179266940
134511843291319
140295309353582
185488848161012
131249473668033
254553244581393
180434542016327
136734469732467
23056537019
137267126303607
120736334669556
147282698729264
350038898408737
36604143801
168849803364
154646904708088
413830792006771
66775989438
131750510213976
108607395857174
160415443997409
154509541244241
394228317298151
331008786993578
169363943135422
106186096099420
148049505238834
140144849426314
333834686669040
116470688387083
244350445661414
149656011722872
203962749620966
216605355023272
324580610921010
105872206129068
195563640485352
127450320649444
188345820897
344184962337476
633492456668227
200455810073490
241071932678877
150807158264426
368858556491042
114361585308191
144971282233299
315107715222951
107668915934574
200530176645851
107095763339
182005235147287
113595678708717
212216368908605
179181195454302
191757899231
116942358380214
113133082032760
185831624816820
129330193820730
167049279981310
264970205531
230247757020710
136841069714275
124663637544966
137800769578239
218434738210853
478111825542946
115173105188012
198444646841764
327472297287299
171736618998
165371836833687
176896139035109
111376106992
73080505862
499277980113398
306078966139643
204734246226197
132856120105014
225561947497136
138557603357
400038780010621
387346864691764
137681699634548
222003074484890
236023006455011
144440148901844
20851133681
288796201211611
277264632382158
119329904748946
111598788905376
224620107612485
246290217488
243462215672700
302144813194932
480295438648945
410330305673619
118791718162260
188618724533142
393930950633650
104832439560110
172822589399345
97793387392
422509184461719
268347869877347
353234724726917
109779815720705
188303847849297
115697731787304
367351360478
120701231314999
196844257133496
148748038523886
395007057215161
218524968252813
337200199689613
173990205980784
184474614987082
468338053221497
375387825824995
280755869303
105355206243003
246105115490966
194814257208008
206447499374217
325810420774023
22711173293
135513956607587
305501032909889
367065336743373
114730421928697
79882113372
180318772033681
216788425021197
193738767344535
107092686086560
222810581079726
1407310486191295
46194160792
147193975319309
305500226127280
110269572333267
360931657329579
241813992534650
252726271488533
198954770134603
262072743810746
125229370896287
336871553064482
124893567573443
787605674590156
119061101466788
249032988497953
424736544226961
147247398667231
158313140909457
414705345233833
232325853466819
265581326846335
213647655322137
264837693542202
175470865898295
289124511139964
392999270801273
118560444864955
154070217987326
114847601916248
172764872850154
308633839187163
250567581651154
152643458091452
300142053349291
204700356209174
120594884644159
156672011016237
131325976920649
218049155009745
217792194901553
141375605983580
6001146171
235278819830144
141579949226658
214297588593398
212611252090274
123888304357854
297178660370100
57893962758
250524471641746
173616949340285
123848961030369
175037255876726
478461258862186
472953272773491
131546420191896
502070146470475
133137263461808
14057001167
123571419596
125532030395
257167116351
105176829584570
619248424771541
265636576883546
166026640075798
107401252629451
360422864030420
193712840668308
358615630856913
287555954643151
476127642458365
143712999033141
159952490728980
277448022299830
229232570436212
86018144944
111851658954968
107577479285455
100478900011574
111422085567438
179032158802712
75930810840
155657274502853
182351048477681
191237074232207
105656706170197
168171523237867
177126642341810
192201658777
383821651678230
402500439785603
297466346935011
262599323761846
394496470621672
118056838251205
243842488987176
109935825688905
186577991382607
351508484906524
180083298713261
244479775056
160385774017275
513159448741371
193427614104202
157677210954711
169565995889
166184514155
42520341635
225342540923550
113630458710677
589164801136463
200559679971198
221639187922649
146494080365
210791901601
270588982982119
190956550922799
151909548163404
278749428860245
348939895149549
153429501398538
283567585004547
219599544727871
133006870106700
107611949261673
452494474783236
140221996036498
276197275857503
391468004200375
265509976883316
322406287780196
177956738888292
144430922383058
172775489475281
152863654750448
301675082439
195645317137236
158695260813911
153692631322774
231701373546196
96454172447
318365764883854
190539094331720
235752123201122
139183552295
233743266722485
126013577434847
167422888771
175398262492617
205787372796203
191594143043
182343818568179
228828447164281
323896164327635
120243980056
141852925898355
360683030725482
213515408694036
162145223853316
458708104161458
227989933922767
144982482220091
222075114496522
365841316787192
157564527729258
113869782112274
183977416700
205874546104361
132411401458
378081548899048
144245105671638
333880776674572
226519590753553
197422093706392
115119328510154
189296461223632
161823140500425
185239378163867
145396065475860
106998989340617
242870649088422
113730272113988
113345305387225
163329473692194
419461028097212
191957477520743
348725325210222
297657967020815
145453298839802
231486873535118
157512537619474
169834479713604
125449274182120
169449186458134
188121027894292
57589901727
6225005738
671141589565528
184343041637133
178851872140418
211233055583545
242554515846704
469884039776913
160211767362313
309610505759991
202991206406825
235197744726
185460424805484
275899731078
105920959450699
518840808174258
121266797888767
140625892682612
103361823069955
292978137379811
180558134576
179191362131547
341419192655986
112047602166827
356730977863
375081719210132
398038270340599
167817453391426
132516636782515
145957342086278
263909523654497
177446782419434
195978203756630
471693419523258
122617471098042
150133401721635
326149607432035
460839880657183
162381197123636
217832894944612
437593122932147
338316819541349
126227560733600
150401958379983
361497257272977
207959165889049
299672436760108
244525925695558
196977490345670
246702768788039
161174533972043
331532843533513
152837841401121
125488310823366
100888260000074
127050750182
95623421427
174283039322575
549514161754458
275671155868966
324982340884160
184507051628385
360212850701900
197167653713857
146983968702505
219058621474544
292693990771820
152935771410146
197234673662980
191328700903049
146818602024428
254593554599061
196212200417137
518954948157051
354516101282212
196263097093013
205598342811829
157636557602611
425476387535796
176365649090463
676577075707952
124059057672479
105234369522104
186500422166
201587509885985
420406925246
348293608573802
130102788068
173968329404316
204169126292521
180041715380748
299557653497559
271938732947733
484449048233334
384414818344589
134342483307525
432254013478550
297312603631486
155610511185482
215056101928302
213798962054867
179286998787344
165474070178058
149223288423610
213944718736463
124528104361951
132259720231364
130174683772325
1377075762527810
426682120710808
454819391204843
105793342804333
108539345896102
122625364488949
103631216349243
321412987935400
412480432148243
249820361808082
370802436296680
329434167143442
146776372191549
144661013383
190926790956026
222440921189486
105775762330
364784080227950
333107730046893
75418507755
535563063164931
157950367605604
306883962701820
15138191724
106689889427189
253903691321869
150283298397574
255472420580
289745554373280
6003233118
197432710324654
226447130702422
122174047836139
562192197128134
316825251736351
204596876240029
49304590618
136344936501233
137861302891322
170952389655795
183297361811292
284002820045
127846415710
198655353492189
146573735424460
152385191439564
168416006542987
422058951157032
128815553796234
148126438601567
304222122067
270897682951829
256516516742
220538104698188
269918623106036
250134428347114
162600160457222
230344033646486
120902394606154
204953309524502
121054681253050
733205493356150
118255238198129
183764338334178
292810360740401
291861437614080
123504704352981
185805812651
198484610178188
99679159829
197940373581480
118255608211108
324798414233027
214493078630456
496529127043332
125581727489533
127428137274204
129341820459103
131726286905811
162802183749925
172292332797808
201616063217364
344101682307459