644929198892182
288247347926262
433004186760523
123277257693179
417060008386174
161545813909783
319440381418125
409661632394295
396656000395361
127001397311144
137585909851
402248583177025
132670053446111
239953692755200
391665744182182
350031875244
208844219156067
120456374749760
6268317308
123280101075687
144959615576466
530726973609501
103946966394976
209104039103989
124005940627
183366208380001
165307520164712
374352519242669
63084645929
145583478967400
268660899923847
55532033063
70858204300
292725327421649
193466177382032
250598181630162
263716457110314
197041727008151
109903372385015
49285624359
201978810060
180603348626536
102438249810838
754633151222381
112866282216185
116913278412853
156562254363163
158183790955201
226481357423100
173240472697413
108935869185786
460738653945219
131479520210618
131721450259904
1439012419665260
204333716353341
288675654576371
309481925768757
46755028429
105376512840036
402532699769966
208559595824260
396393053713168
352930141483598
181310121879598
149413121810459
133723903348827
234165536724157
126739610711965
218159034880392
359360087450311
127709503932081
189860332844
396330770421283
65522782132
177856262267125
43769862066
543054382401960
272069122809431
104746566241877
311016102360054
173208492764455
113140098718493
214242525262773
222868257269
111896392174831
262403737204662
230617303615652
128190763881372
142386762546138
197817953734846
114005605315124
473634165987065
587071114697652
126683120737232
359351284132902
133109973370101
65206056824
174268919403145
100816066669488
122916851090365
217221339034
116999881655243
459780557396952
275236842519163
235768564686
495040943895763
179061582132159
8724962835
260828847289043
215716668551854
315261298500952
260440375633
192651638648
278904665486914
518675518201767
428968177180760
216570901687097
172475122803857
164996363602802
406990026014423
261874505019
535982889776488
167322193324844
157579397615535
645144405527109
377376682297498
360375426140
133606821803
593430634001921
93627932027
149211678518889
2998790650
211058802266771
404596412628
111984122188978
106171216118819
111952942201644
145740168783204
103734026362095
55874041416
109014809249097
231038783671331
431676446846068
432858526832520
364160817714
199017273533829
146560835447840
146340918729491
150794994973742
122936701116206
90279114378
43697394947
144030170500
55467233794
157030071030042
119318112741
161931053825106
203460013127538
151245251676891
220030684837697
104991809574424
119418044857596
122976955477
162683987103384
109995740247
148541295166467
74275881963
125301544177938
191349951255
478074588904572
16995676698
164239093852
144948342237605
214330088590858
177123425663371
189385761191205
216770285130093
647937531923817
71607949800
114137798640867
113508235475559
127483620599219
134881069929921
597105910314191
47004472613
98415887884
259688684145802
122133107944903
161337093903516
232775914688
235119626587905
256012207815369
142678725819365
191050567575202
160400113979664
118103108359595
381766978520315
289893727693793
210962215606436
251907548266030
116352388440980
214627915337264
216924904991602
108536678924
163113560414613
201726756564188
216274310341
336489729800281
169492406456685
126911414079096
104217353086736
2492196975
5161289059
356445735231
181585006811
136039606441715
121677374624060
171892509642087
457115474311208
162317857133616
265380093436
176234195777739
157190334351413
234285786693507
125426097468917
247431880944
330280103745813
152629207127
238441329628655
151668731210
127023510649480
43016202276
365189403544321
118349018213117
135040136568551
163003079204
221460014534454
200380353339459
162704217261878
174611511663
283048961861704
364696303614852
247891555256412
134785319894420
172540272787134
161334760586124
127979500596129
431435070205398
121073807921681
210709815620799
362589550431604
113433312040632
187398334627890
103384409739156
174539782593294
135044559891979
357313367721775
164057266947923
8278986302
132914236862661
119099318117130
100794973319365
203350829856
157531047591855
184136951108
467542613333291
186613301510488
140317267924
199783830036103
679013765456589
354400264689860
117408951656499
673554076005067
120603974691336
107885142684722
253406268128794
346029962096610
143668665689180
177484378970788
132458616779447
327708061775
10337532241
378628085054
387829247963897
346418362064787
139243329469945
129026183788759
265906800091216
200513220075246
123778244339564
161537380526909
114518031897849
150178545006427
131732509879
271784162895499
394399107570
103157766435909
235351738947
130402594779
234630809996691
190144500999654
212938165535202
117605508256145
366620730072164
339095412852085
150275565118629
138147962901963
125207150823292
145044622175352
229175058038
154082011386326
175999462430242
222300631177658
104350149617389
256965027648433
205429962821175
26672622939
213832255381171
353657671409141
261959740493169
255927454420385
389997971123541
144309135637709
213092138888039
162139950489748
148662968522174
1427916617453838
300840959928784
246046668773103
117538128331046
1398750203707545
195780757116944
9918859044
179380945463734
301027803262932
163414424111
213775515387813
148740785176612
111568578699
149776858458769
134751919917644
182645981845196
132674930141658
191679047523332
153830571332988
173298186015279
103952233033861
213741912058651
48511171935
256593927709045
438439589621831
35601614086
623147701035948
213586755511905
459002720788497
103778066384066
133218859477
131858753537922
96851124976
167730013427251
667907176633211
292770315345
554033038037445
422623004442057
162536987232873
236179249736714
166048096750307
125090720906705
132330753483600
232759726762341
580720785280032
527383317272996
134506053246185
1397649400473220
458427250845450
271259342962010
145655205507534
206541889369118
622886834397467
113873412040811
152408702211
254640964562174
118945704791213
103570103032763
170318621065
402863996407528
136950899660366
135336373333047
183311458349277
115084235170854
6623458155
169655146422657
100465010099262
117398424983105
117659344956890
122218574500769
214570735368443
130182077069283
415577218472808
136719503049284
366972086753253
166802186677363
137532732952633
52284676757
179594045408165
218092434970267
144700375654595
157389297624545
126550330698178
196248510415671
280293344777
245206365490808
280149482402
398092463538505
187039551329891
220108818009173
249322485232747
125226220903148
173128636133445
486829211333758
346589864329
213942982011977
118278548210738
382164278504917
48354194572
294833066685
335822896524559
40151154689
51394450761
135520563131905
513914418639960
642938649054159
343458475748432
131836446866203
195553365041
161196173906327
153141111394529
162496323590
135637993114591
214450318589750
459079557513796
6195724695
127087913984159
180764748632828
324573781338
122467097867127
277362152292352
300118966680399
157003860988959
138123429564761
145358052178932
235195643202825
182750548421951
171222259597821
256709264376206
102518706469143
434336596588032
273839195965357
274173959270591
368513495882
146336395424026
262734863745158
202980683107053
388992111140262
32214418305
213737338648193
519132871435593
1377384669158112
124045534391901
157545333433
118305818202056
368598699868806
163894170886
157391050947062
175973950587
166218083461404
118098318208381
479320392125560
468865566515058
117942688263049
149386165174706
148733625740
189930913679
154146981427616
61767606033
180849311965236
290100101007516
168580619833974
123739797658276
183598398326971
130973190252717
213641448699055
401871469886790
195623654189
118043558268580
17582152942
631381990219685
260785739019
110507412369889
248756641853768
196962793677738
191845328659
135080810021772
173755104079
100121346750449
101456143244
138711277798
136239817269
137708328868
105009142918294
125712894106040
554470247930551
112943972121246
181739705767
97631990475
364893573580673
279984152042062
556336084393298
136715186495985
123195901033589
201278444497
207994305877684
199226029179
140369829384686
168349523180496
237202476309340
115813460972
236153593187605
306696872711065
411531565536230
150396798360108
200473816679120
157315820947832
578515208909552
159582873241
453907874685859
432257863492799
540530369342412
498571170168160
250769461611065
201742856511228
110397409035043
413672525310840
234877016607025
108372302535151
162857947064312
121197217952276
509901862398812
445868095478197
100100276843769
358181217571865
119344318128492
141428856257
226622054065595
383059861760778
220033391379120
101834579887421
131357050011
256784477690977
116792795017163
172984279417541
131694523553495
162305873819997
25472388868
136414523065201
119932621434123
80877307761
166209726726710
41245586762
232712163431998
1374335796113396
2395669880
221515954547881
417919634885417
171638763011407
269851776373451
2601240224
196266070409836
122159404588688
490505260982574
10585847530
148296955182403
201362633234829
149599458441724
215002133707
513580961996697
313920124347
115868801782608
296994427028328
150562071671762
143959552370434
142854085820303
63310712921
365362206864879
133209056750983
181411457193
51756880368
6090512332
113186182048399
208124659230382
421403951251615
251714254848821
168808366475027
201780353183299
238320442863988
102483650494
261712573843119
135977189775281
271329909610465
135555983142945
368176489872918
136043799790369
242091172506567
323486324421307
140799392667012
384987518209575
174162069306426
148100721870411
101730233200171
124783070911430
122332024501835
252040864818831
250807065021910
245803332178603
149854391716515
496396580409787
8251229389
117821108247378
148325175262122