46281241085
346076328763703
58567469885
117996634949750
181854671968598
331035773641013
154795011315451
267437456639902
203568503078644
24509077139
176047503611
372451712767415
316568105042097
258778180928082
119749381558970
328061820606223
195646697137509
264046977064177
237995926316918
108273802559405
234884409929472
110681498978502
165665113451029
296559107055563
24553799497
114611681929998
79458893817
141613419698
127059960673829
155846861126965
413003698745607
27908961404
355895537863830
120959154612889
187960271237149
182424375109898
324474348807
308540029359
161320853908703
596001507091107
310877173418
2558160538
114828211898596
2318966938
2392863781
198974223550646
148768088503846
502862879763648
291641160937831
146555464702
243104293499
127148832824
344071692397431
201300416589515
2405167945
279082465497412
216862461657375
1449891035233152
136697886367572
457063674308819
112667455410048
6824298058
272273374460
218282488189771
125363437505916
131549503542594
340651019346903
205207189635985
212720585514421
664339866913232
48912475783
359312097547362
2232594215
373748152681140
247832245327141
147906711923708
124318160942877
247047359503
210930135707119
544409028981837
381238885220488
178406241888
336015209745247
208141335869193
196879103679336
186995688782
164799583573857
394408760664779
155727011143809
115882278440564
121082817904614
75127329583
145730428798132
216835726345
306317566165292
8109791468
277984122314848
523132271032907
128218413912317
456589757693249
204070852982419
454214744667727
113722035371451
118836928154289
395928167174342
462569637202909
189280231128321
171506016382738
352486024788569
174998653270
180186532021462
1378572555698604
267470608481
160249463991765
406229512723084
184548202936
439691136064581
5706713477
114374891927974
535671266449435
170004343060642
116830345011417
108110585887086
243956650505
466246033388554
286127708166600
346699902992
165134236907000
233589305519
332203686891731
199339266052
64571521476
304485972941881
117024141736935
106265797465
146012998749838
187666054622000
224476840903340
123876194314735
38997159460
121835417932514
133702180008285
380105902791
267584336650726
241047555179
113801688686169
402705486466922
134162068005
108795491669
161998494596
262088460470211
533156650110043
119866041395334
158698534219579
363908516992218
620296824652755
80401312489
260890547115
80541436066
158845517509768
163085011898
107051471700
603648956367834
177538502269780
158243717529
125658610826094
160550320638503
427103137376395
327220220173
154581087931912
234713335398
169557846404284
243187455697579
197335844169
10979261223
178091127385
153161934711360
88916178465
144158165723115
176611639027113
270900342997158
83187307959
383734168403120
179106755472856
330854556993708
146718112029154
179585568763105
273393289342171
52718674176
161991040493541
253266951357003
182795998401827
34785190853
156775971014419
150156525035707
2432011670
107507442927
112285998808712
221685234655277
192061350806348
394895733950529
247483512043219
143648968982612
49340319393
472672906143155
327078193994640
597478420290197
161695830562593
120495504667538
377137138995530
217970898225812
5388815661
164366686937186
191851808441
332905960062995
298224056948231
584417158299795
120727820568
429622440419380
102540830008
486257998121419
364793143567901
152727331518597
162097470494985
174961479209942
619364508074094
180751008671144
269629696380934
202977333065494
101098929975611
327884390609542
275560259205767
449220088477038
138481216241900
514102741988588
212097992149339
362532407092981
101337703325061
343605352407664
66102450266
129748227041755
541249849271506
107040076067341
21526880407
365158934875
378718418858735
168416999909992
373495430868
175251882520655
82716374139
168059739963878
542608985784566
178402528865451
2427617054
186815574604
461828573868120
115462065200508
196436617035742
134353166599417
2462728553
206476582740944
266614313436803
145712665484714
101446263265318
125441100875669
127126554019575
127323253930
24324666158
168791636471880
213963905301333
107266705964138
332892496761788
183577541666001
103931556876
183469331722745
251051881589204
212044188860269
231848490172785
286354394838456
1450626361827055
294400680281
530910810319699
217507578283312
265483470295217
140802830263
48119224995
201946276504065
222233661140862
120991377944644
571236316289363
312325658799229
153142718084674
425850510764995
233303730027162
144228085715372
56748925791
43656497834
168188869963563
185440914821771
61848401068
128094413921044
103667826405103
271483649617436
327998323877350
150853628282807
177905808944310
20678178440
220782057940018
162322970487494
292375587511410
101840639986411
2339854854
615030891893023
369725049716975
278606712239083
227068630743584
9412324393
372387627273
171701286220852
269867689793934
118512178228091
123124687865342
146595778757295
124373294324052
591087077653196
158682539458
140028286058792
120131118061981
171996816165057
378853695459932
144141868929615
218307504870310
173948256027411
6651249934
371253116273300
148669555176974
288600224541553
219364554409
133472246670311
339542242801044
111201885565632
144618135678502
219999261380232
391724414266107
135999243082098
131285656905938
133428240003776
132058343552461
208889659294336
266573370162061
157382664122
132922660054643
138664736214483
128113860595777
190291501407
216988008361394
179492938750286
148096023359
697389846953815
220367201354453
287261894727322
168935243978
342684208824
315455798286
505133482888440
143385531530
108306175916449
124304810915979
111767172173562
138481129434
515409108528482
137902382926114
266224890138398
444819265587520
2363277980
557124067643934
189065144614
216435178390193
121512298009805
524685364260345
170382057251
240330746087886
36368793975
142980369071297
5885186655
231741123519264
209098182632037
165935503467089
174366222619074
382206208583188
253956901293839
205249296161973
557082851033321
146202712090395
193535507362870
210185385688145
313137469260
144425382363336
148723435163284
499903096703202
147961441949470
383286285017657
180566588646375
14405921260
525114444197298
129823127147784
145634995501895
113308762079372
145623118950805
284563971563682
567932989917303
315837181868526
155346004575672
161006757273279
155102069619
136131773117348
20290140409
159930018743
358155684246647
191610617530277
91018702399
502072116492610
232534290159198
140333999364794
503712616359299
151687868200992
130095157064351
142973449096741
227587747269298
167960046548003
2412324777
279079375467009
7848098180
256208797739182
212500508799908
176568345711382
346066482152698
117784394919914
196052397103183
342074569189488
204974879526524
2415716319
185635224875771
433663986753086
123837014322698
295151753868210
142164732542318
126323344079075
138055292887831
166566310207914
365809930098093
437648996292035
473537412718698
132444393517048
197600320304159
17289117961
9869919170
380390622023704
490114917719826
124791224199146
207646369397485
110055565712961
210302815655487
136850942021
165170666828043
112808382072672
111604448880616
391698747558693
184176135095343
123210741058923
233852296749686
34617625687
179000485486271
402730229765168
176138762735
222161937813280
167110672433
143654835671740
422669997836894
153780081354397
121943604485916
249413078192
156354557765535
147678232019518
111891482183773
329691787072297
1478873569005021
212577895435797
164608790330300
156261592614
124778984374795
9953271133
142720442570612
197994114318
179279322170193
114488588566911
115291578581217
296356797096105
344950675617394
44829295357
117890861638620
899334800093529
469177729816710
265233976863346
211730480643
313627855407722
317617331662857
150759451610731
465860770102919
286979105241
353016321449959
114918678604343
197299722571
503981746312103
127530847343726
115301331874715
138304346266533
257641994288078
124707800885763
251266154885692
222972467721305
281571111863939
137464763018466
109574165724523
285039988199140
289652854439784
133938176766294
369411689770195
174084995938639
180412888693457
146843852069643
244041225639079
111413455542870
307229382730632
136524023084713
166309140062981
566232573433393
375283389152003
128581025231
63749637650
78994661336
218106661533620
104789639646317
329674807124029
111055588938671
182222305144028
243174952476885
418380138296075
376151142469264
214211995267353
293371057346934
375834989156403
60884004973
148363025219103
287237754649165
102628213125203
100354007223
111777372238952
170463649631558
230410893645949
151049061586764
133923150476
348124678627319
263434066253
495949170494812
185181788252118
101622214608
199931046702512
507404142606088
190606594305704
105150252854220
202982836381956
112656958809061
258487454227504
10150139937750004
192204500821312
138778399475757
636682479711466
219441374737099
435357283195547
151927811548639
122353571139137
200233336688671
211923588878449
161221185920
373712079365876
314909775210834
336636728835
91430965768
120179524728527
213329668749353
333963092935
131394766951111
166995983353903
320389471361527
795501800463250
312208708790484
61455312096
198446803501767
115982828429116
176908729004638
143850565653691
247991735319660
418269668273339
285539014799784
148647071918417
256002721792
166916230004217
182234715127717
174582889219848
406812862731193
398107760206734
151397988232158
346415458803557
172141379512439
190076381016644
108717019189000
160430850678443
262471457231234
102911196453134
56650426978
153284594738391
209002009923
105659562809354
139464766095133
318330141579291
130121696309
226724477343827
392887380766560
213711225447970
233634506760466
220987281320847
237655673022080
205521576149308
135342939850094
279334108776333
129821227069162
727661283914774
164390445973
29518083188
194975693850063
338535090337
418905264838367
221423561248795
224329654253237
107712989296360
113167322156296
249141081161
101187759011
181652185223123
158710884185828
172672416151027
412846895479276
497787523606301
571476109571200
356208994417917
100356716782765
295802707128640
380837198649539
7326494972
3052170175
199259140055
166878320861
113289095462482
14167664298
177845025693729
461501813875293
292851287413559
502974066447701
331741700416
140340639352303
126130834105126
133385173351445
314352395349414
129765800430121
294433960607715
229843697087461
