118317068360200
2231777543
72687635881
370710533030057
227791440613076
154167358081280
75803274170
477822048999402
137234499712326
96937694899
198682593569150
169545139744270
2415071772
7829106395
123966167614127
89186614300
127995567256931
130409810307796
119468838217
126694440681943
40343401983
138566025676
208195102528120
105130332854716
10754253724
244518238972002
256051837747677
41158896424
407682420960
132970837947
638478102868791
532818623411439
143125965710465
45075597673
326803741017
2369844204
153996561399852
158391354186658
162918433202
121897277851831
320528941393723
250204041771611
2582347323
109674171476
127607644011854
178222352279634
134079133419718
351449551649233
102452128776
191593014043
124578887583575
205934316099103
27694818115
188404754648321
278692755549138
1424411677784893
348256765200149
289255557788943
180444840287
175694939152556
437432000642
371453086257986
275591942465870
123338877715314
245652638815422
186796388009496
108854979142742
420980821284758
511237895595013
108589655859196
84697719333
108569252539536
389565261068314
134672596609680
217116108329566
187616458022324
174309449325259
284742164932592
100107953487314
34613858448
106548749379931
185424538221919
136609459636
86734274142
286682971437638
200368456664008
121442354578323
162470437284978
40582213222
163741137001917
338683812854773
271493726217323
148374405210330
105575936179054
116656161708917
306795119462
144120355635913
100495476683973
157657061011560
8547499526
216694208368074
170286019786461
46744042133
186712578038225
62572192129
104018109673165
143103275748075
48187595837
65496494327
2498397125
163716357159134
62181482841
122326417832370
364649920320790
6953377468
107670239269843
106932686001126
1447840222113693
183019041719404
428789577222676
125664117508
73759578322
306069495113
122014001200035
100322856680770
386301361391693
225826214141508
194577560619891
176216499136318
299953330100883
463319163784205
201969246526783
129253937150340
202423869273
284597785309
156620457796681
323595464361460
52254943976
167746316127
120965361374186
50824532548
150768931647055
428430960509931
291549705119
103730181618
340466706066237
192161334139408
399590070169266
1375730929320387
314155392230
58430649062
123743911011091
255083304564274
157470434271574
202085853191582
53702860994
63234044540
409078539131018
164731003644283
118386184883824
2403839689
143965932308817
28218816837
126986924002057
326096317325
204580932894906
505569762793757
14852940614
225917900876773
565561836797777
137767829572142
69103156693
