111411968896241
235586169789578
298315034451
445331495490624
183319479511
240533579330356
141232139244860
203173226450807
128749580520227
157627720928660
117344358296665
113189532154872
123152947759014
100265896690345
124194560873
1416313861985909
283073215166884
117783761627229
399198603489926
137827210650
290293790992170
506420696141009
542129432493562
179234248795565
212607915572
449164318517734
441863262491777
203494979711826
354027864706720
262467003912355
331220196949448
215779025017
249643311490
128953167177144
49631911630
234536436609303
139657296132718
19884028963
235009036521450
191040527694685
150241438424387
232753656912432
168305863336482
142371818162
122150691493
226454160829032
226681500790782
267091300008193
154246121296652
529178727110972
175763303727
17091798008
137541772984354
171373592926306
314170211981069
133451120007663
9313288246
177032345657556
691343587543479
125168500866352
1375497606021032
309534235809023
182901371776451
288543854592564
215662575119216
530984573639523
438259592925681
105386699540688
56456021122
136479813131184
280255738663106
242829452408559
131704200228509
131401703561418
7730584433
8725050364
121151187906606
200570006779467
43211574282
371842459528532
152780684787428
191782660949142
168288003214013
117787264903013
493137110783358
150335135013694
14916117452
207419089277486
407258139397121
176919669032547
175115139210950
202401199825712
156616144460028
376653339098379
204767886376747
175414755846883
110688923290
226508470737473
140669015975185
499379713461318
166738216681933
173030219493457
465722626854722
200758583311692
357704261026079
30708972585
122259781154546
550934211623626
203184016378913
517951168326285
683374441720098
105856129451532
576720962382924
106920676011663
157667184275734
333713683461
56137638329
100810417875
171306882348
5747726667
210068525731476
329375273810992
137206539707334
319227784756907
230335887118237
128356060569714
127221877343651
128085897213395
225757004233079
195038410506742
220620957961835
153327428178129
183662791755899
166363243399924
131538103586818
126593634205650
161708230571741
207764379254184
543281369082655
113155018698187
1401568290062011
138146182878222
9877621514
227993680602156
196956980412461
203946033045102
134920244184
97746702255
346193702147647
212104595551052
180347063770
217638774392
374810639279801
181695538559969
2358043356
54375760911
184431954917494
543613365654557
292065597989
151646922090
184983254880891
123875465478
128766280527346
288523881080
212309772179644
32911495680
174574592667103
99197768694
373608959354101
54208124338
423058457789860
106401512762894
182809591793403
131314396964274
295666513781415
104230589647735
245858875457163
233289793489621
135174055162
242107232563837
155666837894421
169572140835
100597660034894
210019893730
676545185738009
172285552816089
229059350464486
109356832549275
554013181278341
226887730845
578673335481681
338375791266
254145378030027
102796083108857
113010648761829
160231364042233
151850778298095
249997925116056
88632292540
112125248878790
200599083317438
